xof 0303txt 0032

Material Material__1 {
 1.000000;1.000000;1.000000;1.000000;;
 4.480000;
 0.036000;0.036000;0.036000;;
 0.000000;0.000000;0.000000;;

 TextureFilename  {
  "door_g_D2.tga";
 }
}

Frame panel1 {
 

 FrameTransformMatrix {
  1.000000,0.000000,0.000000,0.000000,0.000000,1.000000,0.000000,0.000000,0.000000,0.000000,1.000000,0.000000,-37.383362,-9.899996,0.000000,1.000000;;
 }

 Mesh  {
  36;
  0.129413;37.599979;0.482964;,
  -0.129409;-37.599979;-0.482965;,
  0.129409;-37.599979;0.482961;,
  -0.129409;-37.599979;-0.482965;,
  0.129413;37.599979;0.482964;,
  -0.129406;37.599979;-0.482962;,
  10.810372;37.599979;-2.378989;,
  -0.129406;37.599979;-0.482962;,
  0.129413;37.599979;0.482964;,
  -0.129406;37.599979;-0.482962;,
  10.810372;37.599979;-2.378989;,
  10.551553;37.599979;-3.344915;,
  10.810369;-37.599979;-2.378992;,
  10.551553;37.599979;-3.344915;,
  10.810372;37.599979;-2.378989;,
  10.551553;37.599979;-3.344915;,
  10.810369;-37.599979;-2.378992;,
  10.551550;-37.599979;-3.344918;,
  0.129409;-37.599979;0.482961;,
  10.551550;-37.599979;-3.344918;,
  10.810369;-37.599979;-2.378992;,
  10.551550;-37.599979;-3.344918;,
  0.129409;-37.599979;0.482961;,
  -0.129409;-37.599979;-0.482965;,
  0.129409;-37.599979;0.482961;,
  10.810372;37.599979;-2.378989;,
  0.129413;37.599979;0.482964;,
  10.810372;37.599979;-2.378989;,
  0.129409;-37.599979;0.482961;,
  10.810369;-37.599979;-2.378992;,
  -0.129406;37.599979;-0.482962;,
  10.551553;37.599979;-3.344915;,
  -0.129409;-37.599979;-0.482965;,
  10.551550;-37.599979;-3.344918;,
  -0.129409;-37.599979;-0.482965;,
  10.551553;37.599979;-3.344915;;
  12;
  3;0,1,2;,
  3;3,4,5;,
  3;6,7,8;,
  3;9,10,11;,
  3;12,13,14;,
  3;15,16,17;,
  3;18,19,20;,
  3;21,22,23;,
  3;24,25,26;,
  3;27,28,29;,
  3;30,31,32;,
  3;33,34,35;;

  MeshNormals  {
   36;
   -0.965926;0.000000;0.258818;,
   -0.965926;0.000000;0.258818;,
   -0.965926;0.000000;0.258818;,
   -0.965926;0.000000;0.258819;,
   -0.965926;0.000000;0.258819;,
   -0.965926;0.000000;0.258819;,
   0.000000;1.000000;0.000000;,
   0.000000;1.000000;0.000000;,
   0.000000;1.000000;0.000000;,
   0.000000;1.000000;0.000000;,
   0.000000;1.000000;0.000000;,
   0.000000;1.000000;0.000000;,
   0.965926;-0.000000;-0.258820;,
   0.965926;-0.000000;-0.258820;,
   0.965926;-0.000000;-0.258820;,
   0.965926;-0.000000;-0.258819;,
   0.965926;-0.000000;-0.258819;,
   0.965926;-0.000000;-0.258819;,
   0.000000;-1.000000;0.000000;,
   0.000000;-1.000000;0.000000;,
   0.000000;-1.000000;0.000000;,
   0.000000;-1.000000;0.000000;,
   0.000000;-1.000000;0.000000;,
   0.000000;-1.000000;0.000000;,
   0.258819;-0.000000;0.965926;,
   0.258819;-0.000000;0.965926;,
   0.258819;-0.000000;0.965926;,
   0.258819;-0.000000;0.965926;,
   0.258819;-0.000000;0.965926;,
   0.258819;-0.000000;0.965926;,
   -0.258819;0.000000;-0.965926;,
   -0.258819;0.000000;-0.965926;,
   -0.258819;0.000000;-0.965926;,
   -0.258819;0.000000;-0.965926;,
   -0.258819;0.000000;-0.965926;,
   -0.258819;0.000000;-0.965926;;
   12;
   3;0,1,2;,
   3;3,4,5;,
   3;6,7,8;,
   3;9,10,11;,
   3;12,13,14;,
   3;15,16,17;,
   3;18,19,20;,
   3;21,22,23;,
   3;24,25,26;,
   3;27,28,29;,
   3;30,31,32;,
   3;33,34,35;;
  }

  MeshMaterialList  {
   1;
   12;
   0,
   0,
   0,
   0,
   0,
   0,
   0,
   0,
   0,
   0,
   0,
   0;
   { Material__1 }
  }

  MeshTextureCoords  {
   36;
   0.427252;0.005263;,
   0.427252;0.994737;,
   0.427252;0.994737;,
   0.427252;0.994737;,
   0.427252;0.005263;,
   0.427252;0.005263;,
   0.572748;0.005263;,
   0.427252;0.005263;,
   0.427252;0.005263;,
   0.427252;0.005263;,
   0.572748;0.005263;,
   0.572748;0.005263;,
   0.572748;0.994737;,
   0.572748;0.005263;,
   0.572748;0.005263;,
   0.572748;0.005263;,
   0.572748;0.994737;,
   0.572748;0.994737;,
   0.427252;0.994737;,
   0.572748;0.994737;,
   0.572748;0.994737;,
   0.572748;0.994737;,
   0.427252;0.994737;,
   0.427252;0.994737;,
   0.427252;0.994737;,
   0.572748;0.005263;,
   0.427252;0.005263;,
   0.572748;0.005263;,
   0.427252;0.994737;,
   0.572748;0.994737;,
   0.427252;0.005263;,
   0.572748;0.005263;,
   0.427252;0.994737;,
   0.572748;0.994737;,
   0.427252;0.994737;,
   0.572748;0.005263;;
  }
 }

 Frame panel2 {
  

  FrameTransformMatrix {
   1.000000,0.000000,0.000000,0.000000,0.000000,1.000000,0.000000,0.000000,0.000000,0.000000,1.000000,0.000000,10.680962,0.000000,-2.861954,1.000000;;
  }

  Mesh  {
   36;
   -0.129407;37.599979;0.482965;,
   0.129410;-37.599979;-0.482964;,
   -0.129409;-37.599979;0.482961;,
   0.129410;-37.599979;-0.482964;,
   -0.129407;37.599979;0.482965;,
   0.129412;37.599979;-0.482960;,
   10.551553;37.599979;3.344918;,
   0.129412;37.599979;-0.482960;,
   -0.129407;37.599979;0.482965;,
   0.129412;37.599979;-0.482960;,
   10.551553;37.599979;3.344918;,
   10.810371;37.599979;2.378992;,
   10.551551;-37.599979;3.344914;,
   10.810371;37.599979;2.378992;,
   10.551553;37.599979;3.344918;,
   10.810371;37.599979;2.378992;,
   10.551551;-37.599979;3.344914;,
   10.810369;-37.599979;2.378988;,
   -0.129409;-37.599979;0.482961;,
   10.810369;-37.599979;2.378988;,
   10.551551;-37.599979;3.344914;,
   10.810369;-37.599979;2.378988;,
   -0.129409;-37.599979;0.482961;,
   0.129410;-37.599979;-0.482964;,
   -0.129409;-37.599979;0.482961;,
   10.551553;37.599979;3.344918;,
   -0.129407;37.599979;0.482965;,
   10.551553;37.599979;3.344918;,
   -0.129409;-37.599979;0.482961;,
   10.551551;-37.599979;3.344914;,
   0.129412;37.599979;-0.482960;,
   10.810371;37.599979;2.378992;,
   0.129410;-37.599979;-0.482964;,
   10.810369;-37.599979;2.378988;,
   0.129410;-37.599979;-0.482964;,
   10.810371;37.599979;2.378992;;
   12;
   3;0,1,2;,
   3;3,4,5;,
   3;6,7,8;,
   3;9,10,11;,
   3;12,13,14;,
   3;15,16,17;,
   3;18,19,20;,
   3;21,22,23;,
   3;24,25,26;,
   3;27,28,29;,
   3;30,31,32;,
   3;33,34,35;;

   MeshNormals  {
    36;
    -0.965926;0.000000;-0.258819;,
    -0.965926;0.000000;-0.258819;,
    -0.965926;0.000000;-0.258819;,
    -0.965926;0.000000;-0.258819;,
    -0.965926;0.000000;-0.258819;,
    -0.965926;0.000000;-0.258819;,
    0.000000;1.000000;0.000000;,
    0.000000;1.000000;0.000000;,
    0.000000;1.000000;0.000000;,
    0.000000;1.000000;0.000000;,
    0.000000;1.000000;0.000000;,
    0.000000;1.000000;0.000000;,
    0.965926;-0.000000;0.258819;,
    0.965926;-0.000000;0.258819;,
    0.965926;-0.000000;0.258819;,
    0.965926;-0.000000;0.258819;,
    0.965926;-0.000000;0.258819;,
    0.965926;-0.000000;0.258819;,
    0.000000;-1.000000;0.000000;,
    0.000000;-1.000000;0.000000;,
    0.000000;-1.000000;0.000000;,
    0.000000;-1.000000;0.000000;,
    0.000000;-1.000000;0.000000;,
    0.000000;-1.000000;0.000000;,
    -0.258819;-0.000000;0.965926;,
    -0.258819;-0.000000;0.965926;,
    -0.258819;-0.000000;0.965926;,
    -0.258819;-0.000000;0.965926;,
    -0.258819;-0.000000;0.965926;,
    -0.258819;-0.000000;0.965926;,
    0.258819;0.000000;-0.965926;,
    0.258819;0.000000;-0.965926;,
    0.258819;0.000000;-0.965926;,
    0.258819;0.000000;-0.965926;,
    0.258819;0.000000;-0.965926;,
    0.258819;0.000000;-0.965926;;
    12;
    3;0,1,2;,
    3;3,4,5;,
    3;6,7,8;,
    3;9,10,11;,
    3;12,13,14;,
    3;15,16,17;,
    3;18,19,20;,
    3;21,22,23;,
    3;24,25,26;,
    3;27,28,29;,
    3;30,31,32;,
    3;33,34,35;;
   }

   MeshMaterialList  {
    1;
    12;
    0,
    0,
    0,
    0,
    0,
    0,
    0,
    0,
    0,
    0,
    0,
    0;
    { Material__1 }
   }

   MeshTextureCoords  {
    36;
    0.588157;0.005263;,
    0.588156;0.994737;,
    0.588156;0.994737;,
    0.588156;0.994737;,
    0.588157;0.005263;,
    0.588157;0.005263;,
    0.733653;0.005263;,
    0.588157;0.005263;,
    0.588157;0.005263;,
    0.588157;0.005263;,
    0.733653;0.005263;,
    0.733653;0.005263;,
    0.733653;0.994737;,
    0.733653;0.005263;,
    0.733653;0.005263;,
    0.733653;0.005263;,
    0.733653;0.994737;,
    0.733653;0.994737;,
    0.588156;0.994737;,
    0.733653;0.994737;,
    0.733653;0.994737;,
    0.733653;0.994737;,
    0.588156;0.994737;,
    0.588156;0.994737;,
    0.588156;0.994737;,
    0.733653;0.005263;,
    0.588157;0.005263;,
    0.733653;0.005263;,
    0.588156;0.994737;,
    0.733653;0.994737;,
    0.588157;0.005263;,
    0.733653;0.005263;,
    0.588156;0.994737;,
    0.733653;0.994737;,
    0.588156;0.994737;,
    0.733653;0.005263;;
   }
  }

  Frame panel3 {
   

   FrameTransformMatrix {
    1.000000,0.000000,0.000000,0.000000,0.000000,1.000000,0.000000,0.000000,0.000000,0.000000,1.000000,0.000000,10.680960,0.000000,2.861954,1.000000;;
   }

   Mesh  {
    36;
    0.129413;37.599979;0.482964;,
    -0.129409;-37.599979;-0.482965;,
    0.129409;-37.599979;0.482961;,
    -0.129409;-37.599979;-0.482965;,
    0.129413;37.599979;0.482964;,
    -0.129406;37.599979;-0.482962;,
    10.810371;37.599979;-2.378990;,
    -0.129406;37.599979;-0.482962;,
    0.129413;37.599979;0.482964;,
    -0.129406;37.599979;-0.482962;,
    10.810371;37.599979;-2.378990;,
    10.551553;37.599979;-3.344915;,
    10.810368;-37.599979;-2.378993;,
    10.551553;37.599979;-3.344915;,
    10.810371;37.599979;-2.378990;,
    10.551553;37.599979;-3.344915;,
    10.810368;-37.599979;-2.378993;,
    10.551549;-37.599979;-3.344918;,
    0.129409;-37.599979;0.482961;,
    10.551549;-37.599979;-3.344918;,
    10.810368;-37.599979;-2.378993;,
    10.551549;-37.599979;-3.344918;,
    0.129409;-37.599979;0.482961;,
    -0.129409;-37.599979;-0.482965;,
    0.129409;-37.599979;0.482961;,
    10.810371;37.599979;-2.378990;,
    0.129413;37.599979;0.482964;,
    10.810371;37.599979;-2.378990;,
    0.129409;-37.599979;0.482961;,
    10.810368;-37.599979;-2.378993;,
    -0.129406;37.599979;-0.482962;,
    10.551553;37.599979;-3.344915;,
    -0.129409;-37.599979;-0.482965;,
    10.551549;-37.599979;-3.344918;,
    -0.129409;-37.599979;-0.482965;,
    10.551553;37.599979;-3.344915;;
    12;
    3;0,1,2;,
    3;3,4,5;,
    3;6,7,8;,
    3;9,10,11;,
    3;12,13,14;,
    3;15,16,17;,
    3;18,19,20;,
    3;21,22,23;,
    3;24,25,26;,
    3;27,28,29;,
    3;30,31,32;,
    3;33,34,35;;

    MeshNormals  {
     36;
     -0.965926;0.000000;0.258819;,
     -0.965926;0.000000;0.258819;,
     -0.965926;0.000000;0.258819;,
     -0.965926;0.000000;0.258819;,
     -0.965926;0.000000;0.258819;,
     -0.965926;0.000000;0.258819;,
     0.000000;1.000000;0.000000;,
     0.000000;1.000000;0.000000;,
     0.000000;1.000000;0.000000;,
     0.000000;1.000000;0.000000;,
     0.000000;1.000000;0.000000;,
     0.000000;1.000000;0.000000;,
     0.965926;-0.000000;-0.258819;,
     0.965926;-0.000000;-0.258819;,
     0.965926;-0.000000;-0.258819;,
     0.965926;-0.000000;-0.258819;,
     0.965926;-0.000000;-0.258819;,
     0.965926;-0.000000;-0.258819;,
     0.000000;-1.000000;0.000000;,
     0.000000;-1.000000;0.000000;,
     0.000000;-1.000000;0.000000;,
     0.000000;-1.000000;0.000000;,
     0.000000;-1.000000;0.000000;,
     0.000000;-1.000000;0.000000;,
     0.258819;-0.000000;0.965926;,
     0.258819;-0.000000;0.965926;,
     0.258819;-0.000000;0.965926;,
     0.258819;-0.000000;0.965926;,
     0.258819;-0.000000;0.965926;,
     0.258819;-0.000000;0.965926;,
     -0.258819;0.000000;-0.965926;,
     -0.258819;0.000000;-0.965926;,
     -0.258819;0.000000;-0.965926;,
     -0.258819;0.000000;-0.965926;,
     -0.258819;0.000000;-0.965926;,
     -0.258819;0.000000;-0.965926;;
     12;
     3;0,1,2;,
     3;3,4,5;,
     3;6,7,8;,
     3;9,10,11;,
     3;12,13,14;,
     3;15,16,17;,
     3;18,19,20;,
     3;21,22,23;,
     3;24,25,26;,
     3;27,28,29;,
     3;30,31,32;,
     3;33,34,35;;
    }

    MeshMaterialList  {
     1;
     12;
     0,
     0,
     0,
     0,
     0,
     0,
     0,
     0,
     0,
     0,
     0,
     0;
     { Material__1 }
    }

    MeshTextureCoords  {
     36;
     0.427252;0.005263;,
     0.427252;0.994737;,
     0.427252;0.994737;,
     0.427252;0.994737;,
     0.427252;0.005263;,
     0.427252;0.005263;,
     0.572748;0.005263;,
     0.427252;0.005263;,
     0.427252;0.005263;,
     0.427252;0.005263;,
     0.572748;0.005263;,
     0.572748;0.005263;,
     0.572748;0.994737;,
     0.572748;0.005263;,
     0.572748;0.005263;,
     0.572748;0.005263;,
     0.572748;0.994737;,
     0.572748;0.994737;,
     0.427252;0.994737;,
     0.572748;0.994737;,
     0.572748;0.994737;,
     0.572748;0.994737;,
     0.427252;0.994737;,
     0.427252;0.994737;,
     0.427252;0.994737;,
     0.572748;0.005263;,
     0.427252;0.005263;,
     0.572748;0.005263;,
     0.427252;0.994737;,
     0.572748;0.994737;,
     0.427252;0.005263;,
     0.572748;0.005263;,
     0.427252;0.994737;,
     0.572748;0.994737;,
     0.427252;0.994737;,
     0.572748;0.005263;;
    }
   }

   Frame panel4 {
    

    FrameTransformMatrix {
     1.000000,0.000000,0.000000,0.000000,0.000000,1.000000,0.000000,0.000000,0.000000,0.000000,1.000000,0.000000,10.680960,0.000000,-2.861955,1.000000;;
    }

    Mesh  {
     36;
     -0.129407;37.599979;0.482965;,
     0.129410;-37.599979;-0.482964;,
     -0.129409;-37.599979;0.482961;,
     0.129410;-37.599979;-0.482964;,
     -0.129407;37.599979;0.482965;,
     0.129412;37.599979;-0.482960;,
     10.551553;37.599979;3.344918;,
     0.129412;37.599979;-0.482960;,
     -0.129407;37.599979;0.482965;,
     0.129412;37.599979;-0.482960;,
     10.551553;37.599979;3.344918;,
     10.810371;37.599979;2.378992;,
     10.551551;-37.599979;3.344914;,
     10.810371;37.599979;2.378992;,
     10.551553;37.599979;3.344918;,
     10.810371;37.599979;2.378992;,
     10.551551;-37.599979;3.344914;,
     10.810369;-37.599979;2.378988;,
     -0.129409;-37.599979;0.482961;,
     10.810369;-37.599979;2.378988;,
     10.551551;-37.599979;3.344914;,
     10.810369;-37.599979;2.378988;,
     -0.129409;-37.599979;0.482961;,
     0.129410;-37.599979;-0.482964;,
     -0.129409;-37.599979;0.482961;,
     10.551553;37.599979;3.344918;,
     -0.129407;37.599979;0.482965;,
     10.551553;37.599979;3.344918;,
     -0.129409;-37.599979;0.482961;,
     10.551551;-37.599979;3.344914;,
     0.129412;37.599979;-0.482960;,
     10.810371;37.599979;2.378992;,
     0.129410;-37.599979;-0.482964;,
     10.810369;-37.599979;2.378988;,
     0.129410;-37.599979;-0.482964;,
     10.810371;37.599979;2.378992;;
     12;
     3;0,1,2;,
     3;3,4,5;,
     3;6,7,8;,
     3;9,10,11;,
     3;12,13,14;,
     3;15,16,17;,
     3;18,19,20;,
     3;21,22,23;,
     3;24,25,26;,
     3;27,28,29;,
     3;30,31,32;,
     3;33,34,35;;

     MeshNormals  {
      36;
      -0.965926;0.000000;-0.258819;,
      -0.965926;0.000000;-0.258819;,
      -0.965926;0.000000;-0.258819;,
      -0.965926;0.000000;-0.258819;,
      -0.965926;0.000000;-0.258819;,
      -0.965926;0.000000;-0.258819;,
      0.000000;1.000000;0.000000;,
      0.000000;1.000000;0.000000;,
      0.000000;1.000000;0.000000;,
      0.000000;1.000000;0.000000;,
      0.000000;1.000000;0.000000;,
      0.000000;1.000000;0.000000;,
      0.965926;-0.000000;0.258819;,
      0.965926;-0.000000;0.258819;,
      0.965926;-0.000000;0.258819;,
      0.965926;-0.000000;0.258819;,
      0.965926;-0.000000;0.258819;,
      0.965926;-0.000000;0.258819;,
      0.000000;-1.000000;0.000000;,
      0.000000;-1.000000;0.000000;,
      0.000000;-1.000000;0.000000;,
      0.000000;-1.000000;0.000000;,
      0.000000;-1.000000;0.000000;,
      0.000000;-1.000000;0.000000;,
      -0.258819;-0.000000;0.965926;,
      -0.258819;-0.000000;0.965926;,
      -0.258819;-0.000000;0.965926;,
      -0.258819;-0.000000;0.965926;,
      -0.258819;-0.000000;0.965926;,
      -0.258819;-0.000000;0.965926;,
      0.258819;0.000000;-0.965926;,
      0.258819;0.000000;-0.965926;,
      0.258819;0.000000;-0.965926;,
      0.258819;0.000000;-0.965926;,
      0.258819;0.000000;-0.965926;,
      0.258819;0.000000;-0.965926;;
      12;
      3;0,1,2;,
      3;3,4,5;,
      3;6,7,8;,
      3;9,10,11;,
      3;12,13,14;,
      3;15,16,17;,
      3;18,19,20;,
      3;21,22,23;,
      3;24,25,26;,
      3;27,28,29;,
      3;30,31,32;,
      3;33,34,35;;
     }

     MeshMaterialList  {
      1;
      12;
      0,
      0,
      0,
      0,
      0,
      0,
      0,
      0,
      0,
      0,
      0,
      0;
      { Material__1 }
     }

     MeshTextureCoords  {
      36;
      0.586513;0.005263;,
      0.586513;0.994737;,
      0.586513;0.994737;,
      0.586513;0.994737;,
      0.586513;0.005263;,
      0.586513;0.005263;,
      0.732010;0.005263;,
      0.586513;0.005263;,
      0.586513;0.005263;,
      0.586513;0.005263;,
      0.732010;0.005263;,
      0.732010;0.005263;,
      0.732010;0.994737;,
      0.732010;0.005263;,
      0.732010;0.005263;,
      0.732010;0.005263;,
      0.732010;0.994737;,
      0.732010;0.994737;,
      0.586513;0.994737;,
      0.732010;0.994737;,
      0.732010;0.994737;,
      0.732010;0.994737;,
      0.586513;0.994737;,
      0.586513;0.994737;,
      0.586513;0.994737;,
      0.732010;0.005263;,
      0.586513;0.005263;,
      0.732010;0.005263;,
      0.586513;0.994737;,
      0.732010;0.994737;,
      0.586513;0.005263;,
      0.732010;0.005263;,
      0.586513;0.994737;,
      0.732010;0.994737;,
      0.586513;0.994737;,
      0.732010;0.005263;;
     }
    }

    Frame panel5 {
     

     FrameTransformMatrix {
      1.000000,0.000000,0.000000,0.000000,0.000000,1.000000,0.000000,0.000000,0.000000,0.000000,1.000000,0.000000,10.680958,0.000000,2.861954,1.000000;;
     }

     Mesh  {
      36;
      0.129413;37.599979;0.482964;,
      -0.129409;-37.599979;-0.482965;,
      0.129409;-37.599979;0.482961;,
      -0.129409;-37.599979;-0.482965;,
      0.129413;37.599979;0.482964;,
      -0.129406;37.599979;-0.482962;,
      10.810372;37.599979;-2.378989;,
      -0.129406;37.599979;-0.482962;,
      0.129413;37.599979;0.482964;,
      -0.129406;37.599979;-0.482962;,
      10.810372;37.599979;-2.378989;,
      10.551553;37.599979;-3.344915;,
      10.810369;-37.599979;-2.378992;,
      10.551553;37.599979;-3.344915;,
      10.810372;37.599979;-2.378989;,
      10.551553;37.599979;-3.344915;,
      10.810369;-37.599979;-2.378992;,
      10.551550;-37.599979;-3.344918;,
      0.129409;-37.599979;0.482961;,
      10.551550;-37.599979;-3.344918;,
      10.810369;-37.599979;-2.378992;,
      10.551550;-37.599979;-3.344918;,
      0.129409;-37.599979;0.482961;,
      -0.129409;-37.599979;-0.482965;,
      0.129409;-37.599979;0.482961;,
      10.810372;37.599979;-2.378989;,
      0.129413;37.599979;0.482964;,
      10.810372;37.599979;-2.378989;,
      0.129409;-37.599979;0.482961;,
      10.810369;-37.599979;-2.378992;,
      -0.129406;37.599979;-0.482962;,
      10.551553;37.599979;-3.344915;,
      -0.129409;-37.599979;-0.482965;,
      10.551550;-37.599979;-3.344918;,
      -0.129409;-37.599979;-0.482965;,
      10.551553;37.599979;-3.344915;;
      12;
      3;0,1,2;,
      3;3,4,5;,
      3;6,7,8;,
      3;9,10,11;,
      3;12,13,14;,
      3;15,16,17;,
      3;18,19,20;,
      3;21,22,23;,
      3;24,25,26;,
      3;27,28,29;,
      3;30,31,32;,
      3;33,34,35;;

      MeshNormals  {
       36;
       -0.965926;0.000000;0.258818;,
       -0.965926;0.000000;0.258818;,
       -0.965926;0.000000;0.258818;,
       -0.965926;0.000000;0.258819;,
       -0.965926;0.000000;0.258819;,
       -0.965926;0.000000;0.258819;,
       0.000000;1.000000;0.000000;,
       0.000000;1.000000;0.000000;,
       0.000000;1.000000;0.000000;,
       0.000000;1.000000;0.000000;,
       0.000000;1.000000;0.000000;,
       0.000000;1.000000;0.000000;,
       0.965926;-0.000000;-0.258820;,
       0.965926;-0.000000;-0.258820;,
       0.965926;-0.000000;-0.258820;,
       0.965926;-0.000000;-0.258819;,
       0.965926;-0.000000;-0.258819;,
       0.965926;-0.000000;-0.258819;,
       0.000000;-1.000000;0.000000;,
       0.000000;-1.000000;0.000000;,
       0.000000;-1.000000;0.000000;,
       0.000000;-1.000000;0.000000;,
       0.000000;-1.000000;0.000000;,
       0.000000;-1.000000;0.000000;,
       0.258819;-0.000000;0.965926;,
       0.258819;-0.000000;0.965926;,
       0.258819;-0.000000;0.965926;,
       0.258819;-0.000000;0.965926;,
       0.258819;-0.000000;0.965926;,
       0.258819;-0.000000;0.965926;,
       -0.258819;0.000000;-0.965926;,
       -0.258819;0.000000;-0.965926;,
       -0.258819;0.000000;-0.965926;,
       -0.258819;0.000000;-0.965926;,
       -0.258819;0.000000;-0.965926;,
       -0.258819;0.000000;-0.965926;;
       12;
       3;0,1,2;,
       3;3,4,5;,
       3;6,7,8;,
       3;9,10,11;,
       3;12,13,14;,
       3;15,16,17;,
       3;18,19,20;,
       3;21,22,23;,
       3;24,25,26;,
       3;27,28,29;,
       3;30,31,32;,
       3;33,34,35;;
      }

      MeshMaterialList  {
       1;
       12;
       0,
       0,
       0,
       0,
       0,
       0,
       0,
       0,
       0,
       0,
       0,
       0;
       { Material__1 }
      }

      MeshTextureCoords  {
       36;
       0.267902;0.005263;,
       0.267902;0.994737;,
       0.267902;0.994737;,
       0.267902;0.994737;,
       0.267902;0.005263;,
       0.267902;0.005263;,
       0.413398;0.005263;,
       0.267902;0.005263;,
       0.267902;0.005263;,
       0.267902;0.005263;,
       0.413398;0.005263;,
       0.413398;0.005263;,
       0.413398;0.994737;,
       0.413398;0.005263;,
       0.413398;0.005263;,
       0.413398;0.005263;,
       0.413398;0.994737;,
       0.413398;0.994737;,
       0.267902;0.994737;,
       0.413398;0.994737;,
       0.413398;0.994737;,
       0.413398;0.994737;,
       0.267902;0.994737;,
       0.267902;0.994737;,
       0.267902;0.994737;,
       0.413398;0.005263;,
       0.267902;0.005263;,
       0.413398;0.005263;,
       0.267902;0.994737;,
       0.413398;0.994737;,
       0.267902;0.005263;,
       0.413398;0.005263;,
       0.267902;0.994737;,
       0.413398;0.994737;,
       0.267902;0.994737;,
       0.413398;0.005263;;
      }
     }

     Frame panel6 {
      

      FrameTransformMatrix {
       1.000000,0.000000,0.000000,0.000000,0.000000,1.000000,0.000000,0.000000,0.000000,0.000000,1.000000,0.000000,10.680960,0.000000,-2.861954,1.000000;;
      }

      Mesh  {
       36;
       -0.129407;37.599979;0.482965;,
       0.129410;-37.599979;-0.482964;,
       -0.129409;-37.599979;0.482961;,
       0.129410;-37.599979;-0.482964;,
       -0.129407;37.599979;0.482965;,
       0.129412;37.599979;-0.482960;,
       10.551553;37.599979;3.344918;,
       0.129412;37.599979;-0.482960;,
       -0.129407;37.599979;0.482965;,
       0.129412;37.599979;-0.482960;,
       10.551553;37.599979;3.344918;,
       10.810371;37.599979;2.378992;,
       10.551551;-37.599979;3.344914;,
       10.810371;37.599979;2.378992;,
       10.551553;37.599979;3.344918;,
       10.810371;37.599979;2.378992;,
       10.551551;-37.599979;3.344914;,
       10.810369;-37.599979;2.378988;,
       -0.129409;-37.599979;0.482961;,
       10.810369;-37.599979;2.378988;,
       10.551551;-37.599979;3.344914;,
       10.810369;-37.599979;2.378988;,
       -0.129409;-37.599979;0.482961;,
       0.129410;-37.599979;-0.482964;,
       -0.129409;-37.599979;0.482961;,
       10.551553;37.599979;3.344918;,
       -0.129407;37.599979;0.482965;,
       10.551553;37.599979;3.344918;,
       -0.129409;-37.599979;0.482961;,
       10.551551;-37.599979;3.344914;,
       0.129412;37.599979;-0.482960;,
       10.810371;37.599979;2.378992;,
       0.129410;-37.599979;-0.482964;,
       10.810369;-37.599979;2.378988;,
       0.129410;-37.599979;-0.482964;,
       10.810371;37.599979;2.378992;;
       12;
       3;0,1,2;,
       3;3,4,5;,
       3;6,7,8;,
       3;9,10,11;,
       3;12,13,14;,
       3;15,16,17;,
       3;18,19,20;,
       3;21,22,23;,
       3;24,25,26;,
       3;27,28,29;,
       3;30,31,32;,
       3;33,34,35;;

       MeshNormals  {
        36;
        -0.965926;0.000000;-0.258819;,
        -0.965926;0.000000;-0.258819;,
        -0.965926;0.000000;-0.258819;,
        -0.965926;0.000000;-0.258819;,
        -0.965926;0.000000;-0.258819;,
        -0.965926;0.000000;-0.258819;,
        0.000000;1.000000;0.000000;,
        0.000000;1.000000;0.000000;,
        0.000000;1.000000;0.000000;,
        0.000000;1.000000;0.000000;,
        0.000000;1.000000;0.000000;,
        0.000000;1.000000;0.000000;,
        0.965926;-0.000000;0.258819;,
        0.965926;-0.000000;0.258819;,
        0.965926;-0.000000;0.258819;,
        0.965926;-0.000000;0.258819;,
        0.965926;-0.000000;0.258819;,
        0.965926;-0.000000;0.258819;,
        0.000000;-1.000000;0.000000;,
        0.000000;-1.000000;0.000000;,
        0.000000;-1.000000;0.000000;,
        0.000000;-1.000000;0.000000;,
        0.000000;-1.000000;0.000000;,
        0.000000;-1.000000;0.000000;,
        -0.258819;-0.000000;0.965926;,
        -0.258819;-0.000000;0.965926;,
        -0.258819;-0.000000;0.965926;,
        -0.258819;-0.000000;0.965926;,
        -0.258819;-0.000000;0.965926;,
        -0.258819;-0.000000;0.965926;,
        0.258819;0.000000;-0.965926;,
        0.258819;0.000000;-0.965926;,
        0.258819;0.000000;-0.965926;,
        0.258819;0.000000;-0.965926;,
        0.258819;0.000000;-0.965926;,
        0.258819;0.000000;-0.965926;;
        12;
        3;0,1,2;,
        3;3,4,5;,
        3;6,7,8;,
        3;9,10,11;,
        3;12,13,14;,
        3;15,16,17;,
        3;18,19,20;,
        3;21,22,23;,
        3;24,25,26;,
        3;27,28,29;,
        3;30,31,32;,
        3;33,34,35;;
       }

       MeshMaterialList  {
        1;
        12;
        0,
        0,
        0,
        0,
        0,
        0,
        0,
        0,
        0,
        0,
        0,
        0;
        { Material__1 }
       }

       MeshTextureCoords  {
        36;
        0.427252;0.005263;,
        0.427252;0.994737;,
        0.427252;0.994737;,
        0.427252;0.994737;,
        0.427252;0.005263;,
        0.427252;0.005263;,
        0.572748;0.005263;,
        0.427252;0.005263;,
        0.427252;0.005263;,
        0.427252;0.005263;,
        0.572748;0.005263;,
        0.572748;0.005263;,
        0.572748;0.994737;,
        0.572748;0.005263;,
        0.572748;0.005263;,
        0.572748;0.005263;,
        0.572748;0.994737;,
        0.572748;0.994737;,
        0.427252;0.994737;,
        0.572748;0.994737;,
        0.572748;0.994737;,
        0.572748;0.994737;,
        0.427252;0.994737;,
        0.427252;0.994737;,
        0.427252;0.994737;,
        0.572748;0.005263;,
        0.427252;0.005263;,
        0.572748;0.005263;,
        0.427252;0.994737;,
        0.572748;0.994737;,
        0.427252;0.005263;,
        0.572748;0.005263;,
        0.427252;0.994737;,
        0.572748;0.994737;,
        0.427252;0.994737;,
        0.572748;0.005263;;
       }
      }

      Frame panel7 {
       

       FrameTransformMatrix {
        1.000000,0.000000,0.000000,0.000000,0.000000,1.000000,0.000000,0.000000,0.000000,0.000000,1.000000,0.000000,10.680960,0.000000,2.861954,1.000000;;
       }

       Mesh  {
        36;
        0.129413;37.599979;0.482964;,
        -0.129409;-37.599979;-0.482965;,
        0.129409;-37.599979;0.482961;,
        -0.129409;-37.599979;-0.482965;,
        0.129413;37.599979;0.482964;,
        -0.129406;37.599979;-0.482962;,
        10.810371;37.599979;-2.378990;,
        -0.129406;37.599979;-0.482962;,
        0.129413;37.599979;0.482964;,
        -0.129406;37.599979;-0.482962;,
        10.810371;37.599979;-2.378990;,
        10.551553;37.599979;-3.344915;,
        10.810368;-37.599979;-2.378993;,
        10.551553;37.599979;-3.344915;,
        10.810371;37.599979;-2.378990;,
        10.551553;37.599979;-3.344915;,
        10.810368;-37.599979;-2.378993;,
        10.551549;-37.599979;-3.344918;,
        0.129409;-37.599979;0.482961;,
        10.551549;-37.599979;-3.344918;,
        10.810368;-37.599979;-2.378993;,
        10.551549;-37.599979;-3.344918;,
        0.129409;-37.599979;0.482961;,
        -0.129409;-37.599979;-0.482965;,
        0.129409;-37.599979;0.482961;,
        10.810371;37.599979;-2.378990;,
        0.129413;37.599979;0.482964;,
        10.810371;37.599979;-2.378990;,
        0.129409;-37.599979;0.482961;,
        10.810368;-37.599979;-2.378993;,
        -0.129406;37.599979;-0.482962;,
        10.551553;37.599979;-3.344915;,
        -0.129409;-37.599979;-0.482965;,
        10.551549;-37.599979;-3.344918;,
        -0.129409;-37.599979;-0.482965;,
        10.551553;37.599979;-3.344915;;
        12;
        3;0,1,2;,
        3;3,4,5;,
        3;6,7,8;,
        3;9,10,11;,
        3;12,13,14;,
        3;15,16,17;,
        3;18,19,20;,
        3;21,22,23;,
        3;24,25,26;,
        3;27,28,29;,
        3;30,31,32;,
        3;33,34,35;;

        MeshNormals  {
         36;
         -0.965926;0.000000;0.258819;,
         -0.965926;0.000000;0.258819;,
         -0.965926;0.000000;0.258819;,
         -0.965926;0.000000;0.258819;,
         -0.965926;0.000000;0.258819;,
         -0.965926;0.000000;0.258819;,
         0.000000;1.000000;0.000000;,
         0.000000;1.000000;0.000000;,
         0.000000;1.000000;0.000000;,
         0.000000;1.000000;0.000000;,
         0.000000;1.000000;0.000000;,
         0.000000;1.000000;0.000000;,
         0.965926;-0.000000;-0.258819;,
         0.965926;-0.000000;-0.258819;,
         0.965926;-0.000000;-0.258819;,
         0.965926;-0.000000;-0.258819;,
         0.965926;-0.000000;-0.258819;,
         0.965926;-0.000000;-0.258819;,
         0.000000;-1.000000;0.000000;,
         0.000000;-1.000000;0.000000;,
         0.000000;-1.000000;0.000000;,
         0.000000;-1.000000;0.000000;,
         0.000000;-1.000000;0.000000;,
         0.000000;-1.000000;0.000000;,
         0.258819;-0.000000;0.965926;,
         0.258819;-0.000000;0.965926;,
         0.258819;-0.000000;0.965926;,
         0.258819;-0.000000;0.965926;,
         0.258819;-0.000000;0.965926;,
         0.258819;-0.000000;0.965926;,
         -0.258819;0.000000;-0.965926;,
         -0.258819;0.000000;-0.965926;,
         -0.258819;0.000000;-0.965926;,
         -0.258819;0.000000;-0.965926;,
         -0.258819;0.000000;-0.965926;,
         -0.258819;0.000000;-0.965926;;
         12;
         3;0,1,2;,
         3;3,4,5;,
         3;6,7,8;,
         3;9,10,11;,
         3;12,13,14;,
         3;15,16,17;,
         3;18,19,20;,
         3;21,22,23;,
         3;24,25,26;,
         3;27,28,29;,
         3;30,31,32;,
         3;33,34,35;;
        }

        MeshMaterialList  {
         1;
         12;
         0,
         0,
         0,
         0,
         0,
         0,
         0,
         0,
         0,
         0,
         0,
         0;
         { Material__1 }
        }

        MeshTextureCoords  {
         36;
         0.750014;0.005263;,
         0.750014;0.994737;,
         0.750014;0.994737;,
         0.750014;0.994737;,
         0.750014;0.005263;,
         0.750014;0.005263;,
         0.895510;0.005263;,
         0.750014;0.005263;,
         0.750014;0.005263;,
         0.750014;0.005263;,
         0.895510;0.005263;,
         0.895510;0.005263;,
         0.895510;0.994737;,
         0.895510;0.005263;,
         0.895510;0.005263;,
         0.895510;0.005263;,
         0.895510;0.994737;,
         0.895510;0.994737;,
         0.750014;0.994737;,
         0.895510;0.994737;,
         0.895510;0.994737;,
         0.895510;0.994737;,
         0.750014;0.994737;,
         0.750014;0.994737;,
         0.750014;0.994737;,
         0.895510;0.005263;,
         0.750014;0.005263;,
         0.895510;0.005263;,
         0.750014;0.994737;,
         0.895510;0.994737;,
         0.750014;0.005263;,
         0.895510;0.005263;,
         0.750014;0.994737;,
         0.895510;0.994737;,
         0.750014;0.994737;,
         0.895510;0.005263;;
        }
       }
      }
     }
    }
   }
  }
 }
}

AnimationSet Anim-1 {
 

 Animation Anim-panel1 {
  
  { panel1 }

  AnimationKey {
   4;
   31;
   0;16;1.000000,0.000000,0.000000,0.000000,0.000000,1.000000,0.000000,0.000000,0.000000,0.000000,1.000000,0.000000,-37.383362,-9.899996,0.000000,1.000000;;,
   1;16;0.996260,0.000000,-0.086409,0.000000,0.000000,1.000000,0.000000,0.000000,0.086409,0.000000,0.996260,0.000000,-37.383362,-9.899996,0.000000,1.000000;;,
   2;16;0.983534,0.000000,-0.180723,0.000000,0.000000,1.000000,0.000000,0.000000,0.180723,0.000000,0.983534,0.000000,-37.383362,-9.899996,0.000000,1.000000;;,
   3;16;0.960099,0.000000,-0.279661,0.000000,0.000000,1.000000,0.000000,0.000000,0.279661,0.000000,0.960099,0.000000,-37.383362,-9.899996,0.000000,1.000000;;,
   4;16;0.925097,0.000000,-0.379731,0.000000,0.000000,1.000000,0.000000,0.000000,0.379731,0.000000,0.925097,0.000000,-37.383362,-9.899996,0.000000,1.000000;;,
   5;16;0.878663,0.000000,-0.477443,0.000000,0.000000,1.000000,0.000000,0.000000,0.477443,0.000000,0.878663,0.000000,-37.383362,-9.899996,0.000000,1.000000;;,
   6;16;0.821945,0.000000,-0.569566,0.000000,0.000000,1.000000,0.000000,0.000000,0.569566,0.000000,0.821945,0.000000,-37.383362,-9.899996,0.000000,1.000000;;,
   7;16;0.757029,0.000000,-0.653382,0.000000,0.000000,1.000000,0.000000,0.000000,0.653382,0.000000,0.757029,0.000000,-37.383362,-9.899996,0.000000,1.000000;;,
   8;16;0.686768,0.000000,-0.726877,0.000000,0.000000,1.000000,0.000000,0.000000,0.726877,0.000000,0.686768,0.000000,-37.383362,-9.899996,0.000000,1.000000;;,
   9;16;0.614560,0.000000,-0.788870,0.000000,0.000000,1.000000,0.000000,0.000000,0.788870,0.000000,0.614560,0.000000,-37.383362,-9.899996,0.000000,1.000000;;,
   10;16;0.544097,0.000000,-0.839023,0.000000,0.000000,1.000000,0.000000,0.000000,0.839023,0.000000,0.544097,0.000000,-37.383362,-9.899996,0.000000,1.000000;;,
   11;16;0.479123,0.000000,-0.877748,0.000000,0.000000,1.000000,0.000000,0.000000,0.877748,0.000000,0.479123,0.000000,-37.383362,-9.899996,0.000000,1.000000;;,
   12;16;0.423251,0.000000,-0.906013,0.000000,0.000000,1.000000,0.000000,0.000000,0.906013,0.000000,0.423251,0.000000,-37.383362,-9.899996,0.000000,1.000000;;,
   13;16;0.379827,0.000000,-0.925058,0.000000,0.000000,1.000000,0.000000,0.000000,0.925058,0.000000,0.379827,0.000000,-37.383362,-9.899996,0.000000,1.000000;;,
   14;16;0.351866,0.000000,-0.936050,0.000000,0.000000,1.000000,0.000000,0.000000,0.936050,0.000000,0.351866,0.000000,-37.383362,-9.899996,0.000000,1.000000;;,
   15;16;0.342020,0.000000,-0.939693,0.000000,0.000000,1.000000,0.000000,0.000000,0.939693,0.000000,0.342020,0.000000,-37.383362,-9.899996,0.000000,1.000000;;,
   16;16;0.351866,0.000000,-0.936050,0.000000,0.000000,1.000000,0.000000,0.000000,0.936050,0.000000,0.351866,0.000000,-37.383362,-9.899996,0.000000,1.000000;;,
   17;16;0.379827,0.000000,-0.925058,0.000000,0.000000,1.000000,0.000000,0.000000,0.925058,0.000000,0.379827,0.000000,-37.383362,-9.899996,0.000000,1.000000;;,
   18;16;0.423251,0.000000,-0.906013,0.000000,0.000000,1.000000,0.000000,0.000000,0.906013,0.000000,0.423251,0.000000,-37.383362,-9.899996,0.000000,1.000000;;,
   19;16;0.479123,0.000000,-0.877748,0.000000,0.000000,1.000000,0.000000,0.000000,0.877748,0.000000,0.479123,0.000000,-37.383362,-9.899996,0.000000,1.000000;;,
   20;16;0.544097,0.000000,-0.839022,0.000000,0.000000,1.000000,0.000000,0.000000,0.839022,0.000000,0.544097,0.000000,-37.383362,-9.899996,0.000000,1.000000;;,
   21;16;0.614561,0.000000,-0.788870,0.000000,0.000000,1.000000,0.000000,0.000000,0.788870,0.000000,0.614561,0.000000,-37.383362,-9.899996,0.000000,1.000000;;,
   22;16;0.686768,0.000000,-0.726877,0.000000,0.000000,1.000000,0.000000,0.000000,0.726877,0.000000,0.686768,0.000000,-37.383362,-9.899996,0.000000,1.000000;;,
   23;16;0.757029,0.000000,-0.653381,0.000000,0.000000,1.000000,0.000000,0.000000,0.653381,0.000000,0.757029,0.000000,-37.383362,-9.899996,0.000000,1.000000;;,
   24;16;0.821945,0.000000,-0.569566,0.000000,0.000000,1.000000,0.000000,0.000000,0.569566,0.000000,0.821945,0.000000,-37.383362,-9.899996,0.000000,1.000000;;,
   25;16;0.878663,0.000000,-0.477443,0.000000,0.000000,1.000000,0.000000,0.000000,0.477443,0.000000,0.878663,0.000000,-37.383362,-9.899996,0.000000,1.000000;;,
   26;16;0.925097,0.000000,-0.379731,0.000000,0.000000,1.000000,0.000000,0.000000,0.379731,0.000000,0.925097,0.000000,-37.383362,-9.899996,0.000000,1.000000;;,
   27;16;0.960099,0.000000,-0.279661,0.000000,0.000000,1.000000,0.000000,0.000000,0.279661,0.000000,0.960099,0.000000,-37.383362,-9.899996,0.000000,1.000000;;,
   28;16;0.983534,0.000000,-0.180722,0.000000,0.000000,1.000000,0.000000,0.000000,0.180722,0.000000,0.983534,0.000000,-37.383362,-9.899996,0.000000,1.000000;;,
   29;16;0.996260,0.000000,-0.086409,0.000000,0.000000,1.000000,0.000000,0.000000,0.086409,0.000000,0.996260,0.000000,-37.383362,-9.899996,0.000000,1.000000;;,
   30;16;1.000000,0.000000,0.000000,0.000000,0.000000,1.000000,0.000000,0.000000,-0.000000,0.000000,1.000000,0.000000,-37.383362,-9.899996,0.000000,1.000000;;;
  }
 }

 Animation Anim-panel2 {
  
  { panel2 }

  AnimationKey {
   4;
   31;
   0;16;1.000000,0.000000,0.000000,0.000000,0.000000,1.000000,0.000000,0.000000,0.000000,0.000000,1.000000,0.000000,10.680962,0.000000,-2.861954,1.000000;;,
   1;16;0.985067,0.000000,0.172171,0.000000,0.000000,1.000000,0.000000,0.000000,-0.172171,0.000000,0.985067,0.000000,10.680964,0.000000,-2.861955,1.000000;;,
   2;16;0.934679,0.000000,0.355494,0.000000,0.000000,1.000000,0.000000,0.000000,-0.355494,0.000000,0.934679,0.000000,10.680961,0.000000,-2.861954,1.000000;;,
   3;16;0.843579,0.000000,0.537005,0.000000,0.000000,1.000000,0.000000,0.000000,-0.537005,0.000000,0.843579,0.000000,10.680962,0.000000,-2.861954,1.000000;;,
   4;16;0.711608,0.000000,0.702577,0.000000,0.000000,1.000000,0.000000,0.000000,-0.702577,0.000000,0.711608,0.000000,10.680962,0.000000,-2.861954,1.000000;;,
   5;16;0.544097,0.000000,0.839023,0.000000,0.000000,1.000000,0.000000,0.000000,-0.839023,0.000000,0.544097,0.000000,10.680963,0.000000,-2.861955,1.000000;;,
   6;16;0.351188,0.000000,0.936305,0.000000,0.000000,1.000000,0.000000,0.000000,-0.936305,0.000000,0.351188,0.000000,10.680964,0.000000,-2.861954,1.000000;;,
   7;16;0.146185,0.000000,0.989257,0.000000,0.000000,1.000000,0.000000,0.000000,-0.989257,0.000000,0.146185,0.000000,10.680961,-0.000000,-2.861954,1.000000;;,
   8;16;-0.056699,0.000000,0.998391,0.000000,0.000000,1.000000,0.000000,0.000000,-0.998391,0.000000,-0.056699,0.000000,10.680962,0.000000,-2.861954,1.000000;;,
   9;16;-0.244631,0.000000,0.969616,0.000000,0.000000,1.000000,0.000000,0.000000,-0.969616,0.000000,-0.244631,0.000000,10.680962,-0.000000,-2.861953,1.000000;;,
   10;16;-0.407917,0.000000,0.913019,0.000000,0.000000,1.000000,0.000000,0.000000,-0.913019,0.000000,-0.407917,0.000000,10.680963,0.000000,-2.861954,1.000000;;,
   11;16;-0.540882,0.000000,0.841098,0.000000,0.000000,1.000000,0.000000,0.000000,-0.841098,0.000000,-0.540882,0.000000,10.680962,0.000000,-2.861954,1.000000;;,
   12;16;-0.641717,0.000000,0.766941,0.000000,0.000000,1.000000,0.000000,0.000000,-0.766941,0.000000,-0.641717,0.000000,10.680963,0.000000,-2.861954,1.000000;;,
   13;16;-0.711463,0.000000,0.702724,0.000000,0.000000,1.000000,0.000000,0.000000,-0.702724,0.000000,-0.711463,0.000000,10.680961,0.000000,-2.861954,1.000000;;,
   14;16;-0.752381,0.000000,0.658728,0.000000,0.000000,1.000000,0.000000,0.000000,-0.658728,0.000000,-0.752381,0.000000,10.680961,0.000000,-2.861954,1.000000;;,
   15;16;-0.766044,0.000000,0.642788,0.000000,0.000000,1.000000,0.000000,0.000000,-0.642788,0.000000,-0.766044,0.000000,10.680962,0.000000,-2.861956,1.000000;;,
   16;16;-0.752381,0.000000,0.658728,0.000000,0.000000,1.000000,0.000000,0.000000,-0.658728,0.000000,-0.752381,0.000000,10.680963,0.000000,-2.861954,1.000000;;,
   17;16;-0.711463,0.000000,0.702724,0.000000,0.000000,1.000000,0.000000,0.000000,-0.702724,0.000000,-0.711463,0.000000,10.680961,0.000000,-2.861955,1.000000;;,
   18;16;-0.641717,0.000000,0.766941,0.000000,0.000000,1.000000,0.000000,0.000000,-0.766941,0.000000,-0.641717,0.000000,10.680963,0.000000,-2.861954,1.000000;;,
