xof 0303txt 0032

Material Material_1 {
 1.000000;1.000000;1.000000;1.000000;;
 3.200000;
 0.000000;0.000000;0.000000;;
 0.000000;0.000000;0.000000;;

 TextureFilename  {
  "C:\WORK\FPS Creator\MAPS2\texturebank\ww2\scenery\switches\switch_f\switch_f_D2.tga";
 }
}

Frame switch_c {
 

 FrameTransformMatrix {
  1.000000,0.000000,0.000000,0.000000,0.000000,1.000000,0.000000,0.000000,0.000000,0.000000,1.000000,0.000000,0.000000,0.196855,0.000000,1.000000;;
 }

 Mesh  {
  84;
  -3.089557;4.078216;1.242978;,
  3.089557;-2.471646;1.242978;,
  3.089557;4.078216;1.242978;,
  -3.089557;4.078216;1.242978;,
  -3.089557;-2.471646;1.242978;,
  3.089557;-2.471646;1.242978;,
  -3.089557;4.078216;0.000000;,
  -0.370747;-2.471646;0.000000;,
  -2.471646;-2.471646;0.000000;,
  -3.089557;4.078216;0.000000;,
  -2.471646;-2.471646;0.000000;,
  -3.089557;-2.471646;0.000000;,
  -3.089557;4.078216;0.000000;,
  -3.089557;-2.471646;1.242978;,
  -3.089557;4.078216;1.242978;,
  -3.089557;4.078216;0.000000;,
  -3.089557;-2.471646;0.000000;,
  -3.089557;-2.471646;1.242978;,
  3.089557;-2.471646;1.242978;,
  3.089557;4.078216;0.000000;,
  3.089557;4.078216;1.242978;,
  3.089557;-2.471646;1.242978;,
  3.089557;-2.471646;0.000000;,
  3.089557;4.078216;0.000000;,
  -2.273914;-4.819709;0.370747;,
  -0.370747;-5.190456;0.000000;,
  -0.593195;-4.819709;0.370747;,
  -2.273914;-4.819709;0.370747;,
  -2.471646;-5.190456;0.000000;,
  -0.370747;-5.190456;0.000000;,
  -2.273914;-4.819709;0.370747;,
  -0.593195;-2.471646;0.370747;,
  -2.273914;-2.471646;0.370747;,
  -2.273914;-4.819709;0.370747;,
  -0.593195;-4.819709;0.370747;,
  -0.593195;-2.471646;0.370747;,
  -0.370747;-5.190456;0.000000;,
  -2.471646;-2.471646;0.000000;,
  -0.370747;-2.471646;0.000000;,
  -0.370747;-5.190456;0.000000;,
  -2.471646;-5.190456;0.000000;,
  -2.471646;-2.471646;0.000000;,
  -2.273914;-2.471646;0.370747;,
  -2.471646;-5.190456;0.000000;,
  -2.273914;-4.819709;0.370747;,
  -2.273914;-2.471646;0.370747;,
  -2.471646;-2.471646;0.000000;,
  -2.471646;-5.190456;0.000000;,
  -0.593195;-4.819709;0.370747;,
  -0.370747;-2.471646;0.000000;,
  -0.593195;-2.471646;0.370747;,
  -0.593195;-4.819709;0.370747;,
  -0.370747;-5.190456;0.000000;,
  -0.370747;-2.471646;0.000000;,
  3.089557;4.078216;0.000000;,
  -3.089557;4.078216;1.242978;,
  3.089557;4.078216;1.242978;,
  3.089557;4.078216;0.000000;,
  -3.089557;4.078216;0.000000;,
  -3.089557;4.078216;1.242978;,
  -2.273914;-2.471646;0.370747;,
  -3.089557;-2.471646;0.000000;,
  -2.471646;-2.471646;0.000000;,
  -2.273914;-2.471646;0.370747;,
  -3.089557;-2.471646;1.242978;,
  -3.089557;-2.471646;0.000000;,
  -3.089557;-2.471646;1.242978;,
  -0.593195;-2.471646;0.370747;,
  3.089557;-2.471646;1.242978;,
  -3.089557;-2.471646;1.242978;,
  -2.273914;-2.471646;0.370747;,
  -0.593195;-2.471646;0.370747;,
  3.089557;-2.471646;1.242978;,
  -0.370747;-2.471646;0.000000;,
  3.089557;-2.471646;0.000000;,
  3.089557;-2.471646;1.242978;,
  -0.593195;-2.471646;0.370747;,
  -0.370747;-2.471646;0.000000;,
  3.089557;-2.471646;0.000000;,
  -0.370747;-2.471646;0.000000;,
  3.089557;4.078216;0.000000;,
  3.089557;4.078216;0.000000;,
  -0.370747;-2.471646;0.000000;,
  -3.089557;4.078216;0.000000;;
  28;
  3;0,1,2;,
  3;3,4,5;,
  3;6,7,8;,
  3;9,10,11;,
  3;12,13,14;,
  3;15,16,17;,
  3;18,19,20;,
  3;21,22,23;,
  3;24,25,26;,
  3;27,28,29;,
  3;30,31,32;,
  3;33,34,35;,
  3;36,37,38;,
  3;39,40,41;,
  3;42,43,44;,
  3;45,46,47;,
  3;48,49,50;,
  3;51,52,53;,
  3;54,55,56;,
  3;57,58,59;,
  3;60,61,62;,
  3;63,64,65;,
  3;66,67,68;,
  3;69,70,71;,
  3;72,73,74;,
  3;75,76,77;,
  3;78,79,80;,
  3;81,82,83;;

  MeshNormals  {
   84;
   0.000000;0.000000;1.000000;,
   0.000000;0.000000;1.000000;,
   0.000000;0.000000;1.000000;,
   0.000000;0.000000;1.000000;,
   0.000000;0.000000;1.000000;,
   0.000000;0.000000;1.000000;,
   0.000000;0.000000;-1.000000;,
   0.000000;0.000000;-1.000000;,
   0.000000;0.000000;-1.000000;,
   0.000000;0.000000;-1.000000;,
   0.000000;0.000000;-1.000000;,
   0.000000;0.000000;-1.000000;,
   -1.000000;0.000000;0.000000;,
   -1.000000;0.000000;0.000000;,
   -1.000000;0.000000;0.000000;,
   -1.000000;0.000000;0.000000;,
   -1.000000;0.000000;0.000000;,
   -1.000000;0.000000;0.000000;,
   1.000000;0.000000;0.000000;,
   1.000000;0.000000;0.000000;,
   1.000000;0.000000;0.000000;,
   1.000000;0.000000;0.000000;,
   1.000000;0.000000;0.000000;,
   1.000000;0.000000;0.000000;,
   0.000000;-0.707107;0.707107;,
   0.000000;-0.707107;0.707107;,
   0.000000;-0.707107;0.707107;,
   0.000000;-0.707107;0.707107;,
   0.000000;-0.707107;0.707107;,
   0.000000;-0.707107;0.707107;,
   0.000000;0.000000;1.000000;,
   0.000000;0.000000;1.000000;,
   0.000000;0.000000;1.000000;,
   0.000000;0.000000;1.000000;,
   0.000000;0.000000;1.000000;,
   0.000000;0.000000;1.000000;,
   0.000000;0.000000;-1.000000;,
   0.000000;0.000000;-1.000000;,
   0.000000;0.000000;-1.000000;,
   0.000000;0.000000;-1.000000;,
   0.000000;0.000000;-1.000000;,
   0.000000;0.000000;-1.000000;,
   -0.882353;0.000000;0.470588;,
   -0.882353;0.000000;0.470588;,
   -0.882353;0.000000;0.470588;,
   -0.882353;0.000000;0.470588;,
   -0.882353;0.000000;0.470588;,
   -0.882353;0.000000;0.470588;,
   0.857493;0.000000;0.514496;,
   0.857493;0.000000;0.514496;,
   0.857493;0.000000;0.514496;,
   0.857493;0.000000;0.514496;,
   0.857493;0.000000;0.514496;,
   0.857493;0.000000;0.514496;,
   0.000000;1.000000;0.000000;,
   0.000000;1.000000;0.000000;,
   0.000000;1.000000;0.000000;,
   0.000000;1.000000;0.000000;,
   0.000000;1.000000;0.000000;,
   0.000000;1.000000;0.000000;,
   0.000000;-1.000000;0.000000;,
   0.000000;-1.000000;0.000000;,
   0.000000;-1.000000;0.000000;,
   0.000000;-1.000000;0.000000;,
   0.000000;-1.000000;0.000000;,
   0.000000;-1.000000;0.000000;,
   0.000000;-1.000000;0.000000;,
   0.000000;-1.000000;0.000000;,
   0.000000;-1.000000;0.000000;,
   0.000000;-1.000000;0.000000;,
   0.000000;-1.000000;0.000000;,
   0.000000;-1.000000;0.000000;,
   0.000000;-1.000000;0.000000;,
   0.000000;-1.000000;0.000000;,
   0.000000;-1.000000;0.000000;,
   0.000000;-1.000000;0.000000;,
   0.000000;-1.000000;0.000000;,
   0.000000;-1.000000;0.000000;,
   0.000000;0.000000;-1.000000;,
   0.000000;0.000000;-1.000000;,
   0.000000;0.000000;-1.000000;,
   0.000000;0.000000;-1.000000;,
   0.000000;0.000000;-1.000000;,
   0.000000;0.000000;-1.000000;;
   28;
   3;0,1,2;,
   3;3,4,5;,
   3;6,7,8;,
   3;9,10,11;,
   3;12,13,14;,
   3;15,16,17;,
   3;18,19,20;,
   3;21,22,23;,
   3;24,25,26;,
   3;27,28,29;,
   3;30,31,32;,
   3;33,34,35;,
   3;36,37,38;,
   3;39,40,41;,
   3;42,43,44;,
   3;45,46,47;,
   3;48,49,50;,
   3;51,52,53;,
   3;54,55,56;,
   3;57,58,59;,
   3;60,61,62;,
   3;63,64,65;,
   3;66,67,68;,
   3;69,70,71;,
   3;72,73,74;,
   3;75,76,77;,
   3;78,79,80;,
   3;81,82,83;;
  }

  MeshMaterialList  {
   1;
   28;
   0,
   0,
   0,
   0,
   0,
   0,
   0,
   0,
   0,
   0,
   0,
   0,
   0,
   0,
   0,
   0,
   0,
   0,
   0,
   0,
   0,
   0,
   0,
   0,
   0,
   0,
   0,
   0;
   { Material_1 }
  }

  MeshTextureCoords  {
   84;
   0.000000;0.000000;,
   0.590000;0.706667;,
   0.590000;0.000000;,
   0.000000;0.000000;,
   0.000000;0.706667;,
   0.590000;0.706667;,
   0.000000;0.000000;,
   0.259600;0.706667;,
   0.059000;0.706667;,
   0.000000;0.000000;,
   0.059000;0.706667;,
   0.000000;0.706667;,
   0.589605;0.000000;,
   0.720124;0.706667;,
   0.720124;0.000000;,
   0.589605;0.000000;,
   0.589605;0.706667;,
   0.720124;0.706667;,
   0.720124;0.706667;,
   0.589605;0.000000;,
   0.720124;0.000000;,
   0.720124;0.706667;,
   0.589605;0.706667;,
   0.589605;0.000000;,
   0.057300;0.939246;,
   0.291600;0.997200;,
   0.235941;0.939246;,
   0.057300;0.939246;,
   0.001600;0.997200;,
   0.291600;0.997200;,
   0.057300;0.939246;,
   0.235941;0.707200;,
   0.057300;0.707200;,
   0.057300;0.939246;,
   0.235941;0.939246;,
   0.235941;0.707200;,
   0.291600;0.997200;,
   0.001600;0.707200;,
   0.291600;0.707200;,
   0.291600;0.997200;,
   0.001600;0.997200;,
   0.001600;0.707200;,
   0.057300;0.707200;,
   0.001600;0.997200;,
   0.057300;0.939246;,
   0.057300;0.707200;,
   0.001600;0.707200;,
   0.001600;0.997200;,
   0.235941;0.939246;,
   0.291600;0.707200;,
   0.235941;0.707200;,
   0.235941;0.939246;,
   0.291600;0.997200;,
   0.291600;0.707200;,
   0.940000;0.740000;,
   0.350000;0.860000;,
   0.940000;0.860000;,
   0.940000;0.740000;,
   0.350000;0.740000;,
   0.350000;0.860000;,
   0.427880;0.931667;,
   0.350000;0.996667;,
   0.409000;0.996667;,
   0.427880;0.931667;,
   0.350000;0.886667;,
   0.350000;0.996667;,
   0.350000;0.886667;,
   0.588360;0.931667;,
   0.940000;0.886667;,
   0.350000;0.886667;,
   0.427880;0.931667;,
   0.588360;0.931667;,
   0.940000;0.886667;,
   0.609600;0.996667;,
   0.940000;0.996667;,
   0.940000;0.886667;,
   0.588360;0.931667;,
   0.609600;0.996667;,
   0.590000;0.706667;,
   0.259600;0.706667;,
   0.590000;0.000000;,
   0.590000;0.000000;,
   0.259600;0.706667;,
   0.000000;0.000000;;
  }
 }
}

Frame lever {
 

 FrameTransformMatrix {
  0.860742,-0.509041,0.000000,0.000000,0.509041,0.860742,0.000000,0.000000,0.000000,0.000000,1.000000,0.000000,0.000000,0.227751,1.841339,1.000000;;
 }

 Frame {
  

  FrameTransformMatrix {
   1.000000,0.000000,0.000000,0.000000,0.000000,1.000000,0.000000,0.000000,0.000000,0.000000,1.000000,0.000000,-0.000000,-0.000000,0.000000,1.000000;;
  }

  Mesh  {
   60;
   0.617911;-1.822839;-0.525225;,
   -0.617911;1.822839;-0.525225;,
   0.617911;1.822839;-0.525225;,
   0.617911;-1.822839;-0.525225;,
   -0.617911;-1.822839;-0.525225;,
   -0.617911;1.822839;-0.525225;,
   0.617911;0.895971;0.216269;,
   -0.617911;1.822839;0.525225;,
   -0.617911;0.895971;0.216269;,
   0.617911;0.895971;0.216269;,
   0.617911;1.822839;0.525225;,
   -0.617911;1.822839;0.525225;,
   0.617911;0.895971;0.216269;,
   -0.617911;-0.957763;0.216269;,
   0.617911;-0.957763;0.216269;,
   0.617911;0.895971;0.216269;,
   -0.617911;0.895971;0.216269;,
   -0.617911;-0.957763;0.216269;,
   -0.617911;-1.822839;0.525225;,
   0.617911;-0.957763;0.216269;,
   -0.617911;-0.957763;0.216269;,
   -0.617911;-1.822839;0.525225;,
   0.617911;-1.822839;0.525225;,
   0.617911;-0.957763;0.216269;,
   0.617911;1.822839;-0.525225;,
   0.617911;1.822839;0.525225;,
   0.617911;0.895971;0.216269;,
   -0.617911;1.822839;0.525225;,
   -0.617911;1.822839;-0.525225;,
   -0.617911;0.895971;0.216269;,
   0.617911;1.822839;-0.525225;,
   0.617911;-0.957763;0.216269;,
   0.617911;-1.822839;-0.525225;,
   0.617911;1.822839;-0.525225;,
   0.617911;0.895971;0.216269;,
   0.617911;-0.957763;0.216269;,
   0.617911;-1.822839;0.525225;,
   0.617911;-1.822839;-0.525225;,
   0.617911;-0.957763;0.216269;,
   -0.617911;0.895971;0.216269;,
   -0.617911;-1.822839;-0.525225;,
   -0.617911;-0.957763;0.216269;,
   -0.617911;0.895971;0.216269;,
   -0.617911;1.822839;-0.525225;,
   -0.617911;-1.822839;-0.525225;,
   -0.617911;-1.822839;-0.525225;,
   -0.617911;-1.822839;0.525225;,
   -0.617911;-0.957763;0.216269;,
   0.617911;-1.822839;-0.525225;,
   -0.617911;-1.822839;0.525225;,
   -0.617911;-1.822839;-0.525225;,
   0.617911;-1.822839;-0.525225;,
   0.617911;-1.822839;0.525225;,
   -0.617911;-1.822839;0.525225;,
   -0.617911;1.822839;-0.525225;,
   0.617911;1.822839;0.525225;,
   0.617911;1.822839;-0.525225;,
   -0.617911;1.822839;-0.525225;,
   -0.617911;1.822839;0.525225;,
   0.617911;1.822839;0.525225;;
   20;
   3;0,1,2;,
   3;3,4,5;,
   3;6,7,8;,
   3;9,10,11;,
   3;12,13,14;,
   3;15,16,17;,
   3;18,19,20;,
   3;21,22,23;,
   3;24,25,26;,
   3;27,28,29;,
   3;30,31,32;,
   3;33,34,35;,
   3;36,37,38;,
   3;39,40,41;,
   3;42,43,44;,
   3;45,46,47;,
   3;48,49,50;,
   3;51,52,53;,
   3;54,55,56;,
   3;57,58,59;;

   MeshNormals  {
    60;
    0.000000;0.000000;-1.000000;,
    0.000000;0.000000;-1.000000;,
    0.000000;0.000000;-1.000000;,
    0.000000;0.000000;-1.000000;,
    0.000000;0.000000;-1.000000;,
    0.000000;0.000000;-1.000000;,
    0.000000;-0.316228;0.948683;,
    0.000000;-0.316228;0.948683;,
    0.000000;-0.316228;0.948683;,
    0.000000;-0.316228;0.948683;,
    0.000000;-0.316228;0.948683;,
    0.000000;-0.316228;0.948683;,
    0.000000;0.000000;1.000000;,
    0.000000;0.000000;1.000000;,
    0.000000;0.000000;1.000000;,
    0.000000;0.000000;1.000000;,
    0.000000;0.000000;1.000000;,
    0.000000;0.000000;1.000000;,
    0.000000;0.336336;0.941742;,
    0.000000;0.336336;0.941742;,
    0.000000;0.336336;0.941742;,
    0.000000;0.336336;0.941742;,
    0.000000;0.336336;0.941742;,
    0.000000;0.336336;0.941742;,
    1.000000;0.000000;0.000000;,
    1.000000;0.000000;0.000000;,
    1.000000;0.000000;0.000000;,
    -1.000000;0.000000;0.000000;,
    -1.000000;0.000000;0.000000;,
    -1.000000;0.000000;0.000000;,
    1.000000;0.000000;0.000000;,
    1.000000;0.000000;0.000000;,
    1.000000;0.000000;0.000000;,
    1.000000;0.000000;0.000000;,
    1.000000;0.000000;0.000000;,
    1.000000;0.000000;0.000000;,
    1.000000;0.000000;0.000000;,
    1.000000;0.000000;0.000000;,
    1.000000;0.000000;0.000000;,
    -1.000000;0.000000;0.000000;,
    -1.000000;0.000000;0.000000;,
    -1.000000;0.000000;0.000000;,
    -1.000000;0.000000;0.000000;,
    -1.000000;0.000000;0.000000;,
    -1.000000;0.000000;0.000000;,
    -1.000000;0.000000;0.000000;,
    -1.000000;0.000000;0.000000;,
    -1.000000;0.000000;0.000000;,
    0.000000;-1.000000;0.000000;,
    0.000000;-1.000000;0.000000;,
    0.000000;-1.000000;0.000000;,
    0.000000;-1.000000;0.000000;,
    0.000000;-1.000000;0.000000;,
    0.000000;-1.000000;0.000000;,
    0.000000;1.000000;0.000000;,
    0.000000;1.000000;0.000000;,
    0.000000;1.000000;0.000000;,
    0.000000;1.000000;0.000000;,
    0.000000;1.000000;0.000000;,
    0.000000;1.000000;0.000000;;
    20;
    3;0,1,2;,
    3;3,4,5;,
    3;6,7,8;,
    3;9,10,11;,
    3;12,13,14;,
    3;15,16,17;,
    3;18,19,20;,
    3;21,22,23;,
    3;24,25,26;,
    3;27,28,29;,
    3;30,31,32;,
    3;33,34,35;,
    3;36,37,38;,
    3;39,40,41;,
    3;42,43,44;,
    3;45,46,47;,
    3;48,49,50;,
    3;51,52,53;,
    3;54,55,56;,
    3;57,58,59;;
   }

   MeshMaterialList  {
    1;
    20;
    0,
    0,
    0,
    0,
    0,
    0,
    0,
    0,
    0,
    0,
    0,
    0,
    0,
    0,
    0,
    0,
    0,
    0,
    0,
    0;
    { Material_1 }
   }

   MeshTextureCoords  {
    60;
    0.942160;0.126733;,
    0.919740;0.052000;,
    0.942160;0.052000;,
    0.942160;0.126733;,
    0.919740;0.126733;,
    0.919740;0.052000;,
    0.874000;0.260000;,
    0.756000;0.160000;,
    0.756000;0.260000;,
    0.874000;0.260000;,
    0.874000;0.160000;,
    0.756000;0.160000;,
    0.874000;0.260000;,
    0.756000;0.460000;,
    0.874000;0.460000;,
    0.874000;0.260000;,
    0.756000;0.260000;,
    0.756000;0.460000;,
    0.756000;0.553333;,
    0.874000;0.460000;,
    0.756000;0.460000;,
    0.756000;0.553333;,
    0.874000;0.553333;,
    0.874000;0.460000;,
    0.873803;0.160000;,
    0.984105;0.160000;,
    0.951663;0.260000;,
    0.984105;0.160000;,
    0.873803;0.160000;,
    0.951663;0.260000;,
    0.873803;0.160000;,
    0.951663;0.460000;,
    0.873803;0.553333;,
    0.873803;0.160000;,
    0.951663;0.260000;,
    0.951663;0.460000;,
    0.984105;0.553333;,
    0.873803;0.553333;,
    0.951663;0.460000;,
    0.951663;0.260000;,
    0.873803;0.553333;,
    0.951663;0.460000;,
    0.951663;0.260000;,
    0.873803;0.160000;,
    0.873803;0.553333;,
    0.873803;0.553333;,
    0.984105;0.553333;,
    0.951663;0.460000;,
    0.873966;0.671276;,
    0.755998;0.553308;,
    0.755998;0.671276;,
    0.873966;0.671276;,
    0.873966;0.553308;,
    0.755998;0.553308;,
    0.755998;0.042024;,
    0.873966;0.159992;,
    0.873966;0.042024;,
    0.755998;0.042024;,
    0.755998;0.159992;,
    0.873966;0.159992;;
   }
  }
 }
}

AnimationSet Anim-1 {
 

 Animation Anim-lever {
  
  { lever }

  AnimationKey {
   4;
   31;
   0;16;0.860742,-0.509041,0.000000,0.000000,0.509041,0.860742,0.000000,0.000000,0.000000,0.000000,1.000000,0.000000,0.000000,0.227751,1.841339,1.000000;;,
   1;16;0.862500,-0.506056,0.000000,0.000000,0.506056,0.862500,0.000000,0.000000,0.000000,0.000000,1.000000,0.000000,0.000000,0.227751,1.841339,1.000000;;,
   2;16;0.867556,-0.497339,0.000000,0.000000,0.497339,0.867556,0.000000,0.000000,0.000000,0.000000,1.000000,0.000000,0.000000,0.227751,1.841339,1.000000;;,
   3;16;0.875508,-0.483203,0.000000,0.000000,0.483203,0.875508,0.000000,0.000000,0.000000,0.000000,1.000000,0.000000,0.000000,0.227751,1.841339,1.000000;;,
   4;16;0.885874,-0.463926,0.000000,0.000000,0.463926,0.885874,0.000000,0.000000,0.000000,0.000000,1.000000,0.000000,0.000000,0.227751,1.841339,1.000000;;,
   5;16;0.898113,-0.439765,0.000000,0.000000,0.439765,0.898113,0.000000,0.000000,0.000000,0.000000,1.000000,0.000000,0.000000,0.227751,1.841339,1.000000;;,
   6;16;0.911644,-0.410980,0.000000,0.000000,0.410980,0.911644,0.000000,0.000000,0.000000,0.000000,1.000000,0.000000,0.000000,0.227751,1.841339,1.000000;;,
   7;16;0.925869,-0.377846,0.000000,0.000000,0.377846,0.925869,0.000000,0.000000,0.000000,0.000000,1.000000,0.000000,0.000000,0.227751,1.841339,1.000000;;,
   8;16;0.940183,-0.340670,0.000000,0.000000,0.340670,0.940183,0.000000,0.000000,0.000000,0.000000,1.000000,0.000000,0.000000,0.227751,1.841339,1.000000;;,
   9;16;0.954002,-0.299800,0.000000,0.000000,0.299800,0.954002,0.000000,0.000000,0.000000,0.000000,1.000000,0.000000,0.000000,0.227751,1.841339,1.000000;;,
   10;16;0.966774,-0.255633,0.000000,0.000000,0.255633,0.966774,0.000000,0.000000,0.000000,0.000000,1.000000,0.000000,0.000000,0.227751,1.841339,1.000000;;,
   11;16;0.977998,-0.208616,0.000000,0.000000,0.208616,0.977998,0.000000,0.000000,0.000000,0.000000,1.000000,0.000000,0.000000,0.227751,1.841339,1.000000;;,
   12;16;0.987239,-0.159247,0.000000,0.000000,0.159247,0.987239,0.000000,0.000000,0.000000,0.000000,1.000000,0.000000,0.000000,0.227751,1.841339,1.000000;;,
   13;16;0.994144,-0.108067,0.000000,0.000000,0.108067,0.994144,0.000000,0.000000,0.000000,0.000000,1.000000,0.000000,0.000000,0.227751,1.841339,1.000000;;,
   14;16;0.998450,-0.055656,0.000000,0.000000,0.055656,0.998450,0.000000,0.000000,0.000000,0.000000,1.000000,0.000000,0.000000,0.227751,1.841339,1.000000;;,
   15;16;0.999997,-0.002618,0.000000,0.000000,0.002618,0.999997,0.000000,0.000000,0.000000,0.000000,1.000000,0.000000,0.000000,0.227751,1.841339,1.000000;;,
   16;16;0.998728,0.050427,0.000000,0.000000,-0.050427,0.998728,0.000000,0.000000,0.000000,0.000000,1.000000,0.000000,0.000000,0.227751,1.841339,1.000000;;,
   17;16;0.994696,0.102861,0.000000,0.000000,-0.102861,0.994696,0.000000,0.000000,0.000000,0.000000,1.000000,0.000000,0.000000,0.227751,1.841339,1.000000;;,
   18;16;0.988059,0.154076,0.000000,0.000000,-0.154076,0.988059,0.000000,0.000000,0.000000,0.000000,1.000000,0.000000,0.000000,0.227751,1.841339,1.000000;;,
   19;16;0.979076,0.203493,0.000000,0.000000,-0.203493,0.979076,0.000000,0.000000,0.000000,0.000000,1.000000,0.000000,0.000000,0.227751,1.841339,1.000000;;,
   20;16;0.968099,0.250568,0.000000,0.000000,-0.250568,0.968099,0.000000,0.000000,0.000000,0.000000,1.000000,0.000000,0.000000,0.227751,1.841339,1.000000;;,
   21;16;0.955559,0.294801,0.000000,0.000000,-0.294801,0.955559,0.000000,0.000000,0.000000,0.000000,1.000000,0.000000,0.000000,0.227751,1.841339,1.000000;;,
   22;16;0.941954,0.335743,0.000000,0.000000,-0.335743,0.941954,0.000000,0.000000,0.000000,0.000000,1.000000,0.000000,0.000000,0.227751,1.841339,1.000000;;,
   23;16;0.927834,0.372993,0.000000,0.000000,-0.372993,0.927834,0.000000,0.000000,0.000000,0.000000,1.000000,0.000000,0.000000,0.227751,1.841339,1.000000;;,
   24;16;0.913784,0.406201,0.000000,0.000000,-0.406201,0.913784,0.000000,0.000000,0.000000,0.000000,1.000000,0.000000,0.000000,0.227751,1.841339,1.000000;;,
   25;16;0.900403,0.435057,0.000000,0.000000,-0.435057,0.900403,0.000000,0.000000,0.000000,0.000000,1.000000,0.000000,0.000000,0.227751,1.841339,1.000000;;,
   26;16;0.888291,0.459281,0.000000,0.000000,-0.459281,0.888291,0.000000,0.000000,0.000000,0.000000,1.000000,0.000000,0.000000,0.227751,1.841339,1.000000;;,
   27;16;0.878026,0.478612,0.000000,0.000000,-0.478612,0.878026,0.000000,0.000000,0.000000,0.000000,1.000000,0.000000,0.000000,0.227751,1.841339,1.000000;;,
   28;16;0.870148,0.492790,0.000000,0.000000,-0.492790,0.870148,0.000000,0.000000,0.000000,0.000000,1.000000,0.000000,0.000000,0.227751,1.841339,1.000000;;,
   29;16;0.865138,0.501534,0.000000,0.000000,-0.501534,0.865138,0.000000,0.000000,0.000000,0.000000,1.000000,0.000000,0.000000,0.227751,1.841339,1.000000;;,
   30;16;0.863395,0.504528,0.000000,0.000000,-0.504528,0.863395,0.000000,0.000000,0.000000,0.000000,1.000000,0.000000,0.000000,0.227751,1.841339,1.000000;;;
  }
 }
}