xof 0303txt 0032

Material Material_1 {
 1.000000;1.000000;1.000000;1.000000;;
 3.200000;
 0.000000;0.000000;0.000000;;
 0.000000;0.000000;0.000000;;

 TextureFilename  {
  "C:\WORK\FPS Creator\MAPS2\texturebank\ww2\scenery\doors\door_b\door_b_D2.tga";
 }
}

Frame default {
 

 FrameTransformMatrix {
  1.000000,0.000000,0.000000,0.000000,0.000000,1.000000,0.000000,0.000000,0.000000,0.000000,1.000000,0.000000,-26.000000,0.000000,0.000000,1.000000;;
 }

 Mesh  {
  36;
  26.000000;-47.500000;-1.200000;,
  0.000000;37.300011;-1.200000;,
  26.000000;37.300011;-1.200000;,
  26.000000;-47.500000;-1.200000;,
  0.000000;-47.500000;-1.200000;,
  0.000000;37.300011;-1.200000;,
  0.000000;37.300011;1.200000;,
  26.000000;-47.500000;1.200000;,
  26.000000;37.300011;1.200000;,
  0.000000;37.300011;1.200000;,
  0.000000;-47.500000;1.200000;,
  26.000000;-47.500000;1.200000;,
  0.000000;37.300011;-1.200000;,
  0.000000;-47.500000;1.200000;,
  0.000000;37.300011;1.200000;,
  0.000000;37.300011;-1.200000;,
  0.000000;-47.500000;-1.200000;,
  0.000000;-47.500000;1.200000;,
  26.000000;37.300011;1.200000;,
  0.000000;37.300011;-1.200000;,
  0.000000;37.300011;1.200000;,
  26.000000;37.300011;1.200000;,
  26.000000;37.300011;-1.200000;,
  0.000000;37.300011;-1.200000;,
  26.000000;-47.500000;1.200000;,
  26.000000;37.300011;-1.200000;,
  26.000000;37.300011;1.200000;,
  26.000000;-47.500000;1.200000;,
  26.000000;-47.500000;-1.200000;,
  26.000000;37.300011;-1.200000;,
  0.000000;-47.500000;-1.200000;,
  26.000000;-47.500000;1.200000;,
  0.000000;-47.500000;1.200000;,
  0.000000;-47.500000;-1.200000;,
  26.000000;-47.500000;-1.200000;,
  26.000000;-47.500000;1.200000;;
  12;
  3;0,1,2;,
  3;3,4,5;,
  3;6,7,8;,
  3;9,10,11;,
  3;12,13,14;,
  3;15,16,17;,
  3;18,19,20;,
  3;21,22,23;,
  3;24,25,26;,
  3;27,28,29;,
  3;30,31,32;,
  3;33,34,35;;

  MeshNormals  {
   36;
   0.000000;0.000000;-1.000000;,
   0.000000;0.000000;-1.000000;,
   0.000000;0.000000;-1.000000;,
   0.000000;0.000000;-1.000000;,
   0.000000;0.000000;-1.000000;,
   0.000000;0.000000;-1.000000;,
   0.000000;0.000000;1.000000;,
   0.000000;0.000000;1.000000;,
   0.000000;0.000000;1.000000;,
   0.000000;0.000000;1.000000;,
   0.000000;0.000000;1.000000;,
   0.000000;0.000000;1.000000;,
   -1.000000;0.000000;0.000000;,
   -1.000000;0.000000;0.000000;,
   -1.000000;0.000000;0.000000;,
   -1.000000;0.000000;0.000000;,
   -1.000000;0.000000;0.000000;,
   -1.000000;0.000000;0.000000;,
   0.000000;1.000000;0.000000;,
   0.000000;1.000000;0.000000;,
   0.000000;1.000000;0.000000;,
   0.000000;1.000000;0.000000;,
   0.000000;1.000000;0.000000;,
   0.000000;1.000000;0.000000;,
   1.000000;0.000000;0.000000;,
   1.000000;0.000000;0.000000;,
   1.000000;0.000000;0.000000;,
   1.000000;0.000000;0.000000;,
   1.000000;0.000000;0.000000;,
   1.000000;0.000000;0.000000;,
   0.000000;-1.000000;0.000000;,
   0.000000;-1.000000;0.000000;,
   0.000000;-1.000000;0.000000;,
   0.000000;-1.000000;0.000000;,
   0.000000;-1.000000;0.000000;,
   0.000000;-1.000000;0.000000;;
   12;
   3;0,1,2;,
   3;3,4,5;,
   3;6,7,8;,
   3;9,10,11;,
   3;12,13,14;,
   3;15,16,17;,
   3;18,19,20;,
   3;21,22,23;,
   3;24,25,26;,
   3;27,28,29;,
   3;30,31,32;,
   3;33,34,35;;
  }

  MeshMaterialList  {
   1;
   12;
   0,
   0,
   0,
   0,
   0,
   0,
   0,
   0,
   0,
   0,
   0,
   0;
   { Material_1 }
  }

  MeshTextureCoords  {
   36;
   0.352500;1.000000;,
   0.000000;0.000000;,
   0.352500;0.000000;,
   0.352500;1.000000;,
   0.000000;1.000000;,
   0.000000;0.000000;,
   0.000000;0.000000;,
   0.352500;1.000000;,
   0.352500;0.000000;,
   0.000000;0.000000;,
   0.000000;1.000000;,
   0.352500;1.000000;,
   0.006501;0.000000;,
   0.044751;1.000000;,
   0.044751;0.000000;,
   0.006501;0.000000;,
   0.006501;1.000000;,
   0.044751;1.000000;,
   0.342672;0.932484;,
   0.005426;0.961809;,
   0.005426;0.932484;,
   0.342672;0.932484;,
   0.342672;0.961809;,
   0.005426;0.961809;,
   0.400751;1.000000;,
   0.362501;0.000000;,
   0.400751;0.000000;,
   0.400751;1.000000;,
   0.362501;1.000000;,
   0.362501;0.000000;,
   0.005426;0.961809;,
   0.342672;0.932484;,
   0.005426;0.932484;,
   0.005426;0.961809;,
   0.342672;0.961809;,
   0.342672;0.932484;;
  }
 }
}

Frame default01 {
 

 FrameTransformMatrix {
  1.000000,0.000000,0.000000,0.000000,0.000000,1.000000,0.000000,0.000000,0.000000,0.000000,1.000000,0.000000,26.000000,0.000000,0.000000,1.000000;;
 }

 Mesh  {
  36;
  -26.000000;37.300011;-1.199992;,
  0.000000;37.300011;-1.199992;,
  -26.000000;-47.500000;-1.200000;,
  0.000000;37.300011;-1.199992;,
  0.000000;-47.500000;-1.200000;,
  -26.000000;-47.500000;-1.200000;,
  -26.000000;37.300011;1.200008;,
  -26.000000;-47.500000;1.200000;,
  0.000000;37.300011;1.200008;,
  -26.000000;-47.500000;1.200000;,
  0.000000;-47.500000;1.200000;,
  0.000000;37.300011;1.200008;,
  0.000000;37.300011;1.200008;,
  0.000000;-47.500000;1.200000;,
  0.000000;37.300011;-1.199992;,
  0.000000;-47.500000;1.200000;,
  0.000000;-47.500000;-1.200000;,
  0.000000;37.300011;-1.199992;,
  0.000000;37.300011;1.200008;,
  0.000000;37.300011;-1.199992;,
  -26.000000;37.300011;1.200008;,
  0.000000;37.300011;-1.199992;,
  -26.000000;37.300011;-1.199992;,
  -26.000000;37.300011;1.200008;,
  -26.000000;37.300011;1.200008;,
  -26.000000;37.300011;-1.199992;,
  -26.000000;-47.500000;1.200000;,
  -26.000000;37.300011;-1.199992;,
  -26.000000;-47.500000;-1.200000;,
  -26.000000;-47.500000;1.200000;,
  0.000000;-47.500000;1.200000;,
  -26.000000;-47.500000;1.200000;,
  0.000000;-47.500000;-1.200000;,
  -26.000000;-47.500000;1.200000;,
  -26.000000;-47.500000;-1.200000;,
  0.000000;-47.500000;-1.200000;;
  12;
  3;0,1,2;,
  3;3,4,5;,
  3;6,7,8;,
  3;9,10,11;,
  3;12,13,14;,
  3;15,16,17;,
  3;18,19,20;,
  3;21,22,23;,
  3;24,25,26;,
  3;27,28,29;,
  3;30,31,32;,
  3;33,34,35;;

  MeshNormals  {
   36;
   0.000000;0.000000;-1.000000;,
   0.000000;0.000000;-1.000000;,
   0.000000;0.000000;-1.000000;,
   0.000000;0.000000;-1.000000;,
   0.000000;0.000000;-1.000000;,
   0.000000;0.000000;-1.000000;,
   0.000000;-0.000000;1.000000;,
   0.000000;-0.000000;1.000000;,
   0.000000;-0.000000;1.000000;,
   0.000000;-0.000000;1.000000;,
   0.000000;-0.000000;1.000000;,
   0.000000;-0.000000;1.000000;,
   1.000000;0.000000;0.000000;,
   1.000000;0.000000;0.000000;,
   1.000000;0.000000;0.000000;,
   1.000000;0.000000;0.000000;,
   1.000000;0.000000;0.000000;,
   1.000000;0.000000;0.000000;,
   0.000000;1.000000;0.000000;,
   0.000000;1.000000;0.000000;,
   0.000000;1.000000;0.000000;,
   0.000000;1.000000;0.000000;,
   0.000000;1.000000;0.000000;,
   0.000000;1.000000;0.000000;,
   -1.000000;0.000000;0.000000;,
   -1.000000;0.000000;0.000000;,
   -1.000000;0.000000;0.000000;,
   -1.000000;0.000000;0.000000;,
   -1.000000;0.000000;0.000000;,
   -1.000000;0.000000;0.000000;,
   0.000000;-1.000000;0.000000;,
   0.000000;-1.000000;0.000000;,
   0.000000;-1.000000;0.000000;,
   0.000000;-1.000000;0.000000;,
   0.000000;-1.000000;0.000000;,
   0.000000;-1.000000;0.000000;;
   12;
   3;0,1,2;,
   3;3,4,5;,
   3;6,7,8;,
   3;9,10,11;,
   3;12,13,14;,
   3;15,16,17;,
   3;18,19,20;,
   3;21,22,23;,
   3;24,25,26;,
   3;27,28,29;,
   3;30,31,32;,
   3;33,34,35;;
  }

  MeshMaterialList  {
   1;
   12;
   0,
   0,
   0,
   0,
   0,
   0,
   0,
   0,
   0,
   0,
   0,
   0;
   { Material_1 }
  }

  MeshTextureCoords  {
   36;
   0.352500;0.000000;,
   0.000000;0.000000;,
   0.352500;1.000000;,
   0.000000;0.000000;,
   0.000000;1.000000;,
   0.352500;1.000000;,
   0.352500;0.000000;,
   0.352500;1.000000;,
   0.000000;0.000000;,
   0.352500;1.000000;,
   0.000000;1.000000;,
   0.000000;0.000000;,
   0.044751;0.000000;,
   0.044751;1.000000;,
   0.006501;0.000000;,
   0.044751;1.000000;,
   0.006501;1.000000;,
   0.006501;0.000000;,
   0.005426;0.932484;,
   0.005426;0.961809;,
   0.342672;0.932484;,
   0.005426;0.961809;,
   0.342672;0.961809;,
   0.342672;0.932484;,
   0.400751;0.000000;,
   0.362501;0.000000;,
   0.400751;1.000000;,
   0.362501;0.000000;,
   0.362501;1.000000;,
   0.400751;1.000000;,
   0.005426;0.932484;,
   0.342672;0.932484;,
   0.005426;0.961809;,
   0.342672;0.932484;,
   0.342672;0.961809;,
   0.005426;0.961809;;
  }
 }
}

AnimationSet Anim-1 {
 

 Animation Anim-default {
  
  { default }

  AnimationKey {
   4;
   31;
   0;16;1.000000,0.000000,0.000000,0.000000,0.000000,1.000000,0.000000,0.000000,0.000000,0.000000,1.000000,0.000000,-26.000000,0.000000,0.000000,1.000000;;,
   1;16;0.999987,0.000000,-0.005057,0.000000,0.000000,1.000000,0.000000,0.000000,0.005057,0.000000,0.999987,0.000000,-26.000000,0.000000,0.000000,1.000000;;,
   2;16;0.999805,0.000000,-0.019767,0.000000,0.000000,1.000000,0.000000,0.000000,0.019767,0.000000,0.999805,0.000000,-26.000000,0.000000,0.000000,1.000000;;,
   3;16;0.999056,0.000000,-0.043431,0.000000,0.000000,1.000000,0.000000,0.000000,0.043431,0.000000,0.999056,0.000000,-26.000000,0.000000,0.000000,1.000000;;,
   4;16;0.997159,0.000000,-0.075325,0.000000,0.000000,1.000000,0.000000,0.000000,0.075325,0.000000,0.997159,0.000000,-26.000000,0.000000,0.000000,1.000000;;,
   5;16;0.993402,0.000000,-0.114680,0.000000,0.000000,1.000000,0.000000,0.000000,0.114680,0.000000,0.993402,0.000000,-26.000000,0.000000,0.000000,1.000000;;,
   6;16;0.987009,0.000000,-0.160667,0.000000,0.000000,1.000000,0.000000,0.000000,0.160667,0.000000,0.987009,0.000000,-26.000000,0.000000,0.000000,1.000000;;,
   7;16;0.977188,0.000000,-0.212376,0.000000,0.000000,1.000000,0.000000,0.000000,0.212376,0.000000,0.977188,0.000000,-26.000000,0.000000,0.000000,1.000000;;,
   8;16;0.963192,0.000000,-0.268814,0.000000,0.000000,1.000000,0.000000,0.000000,0.268814,0.000000,0.963192,0.000000,-26.000000,0.000000,0.000000,1.000000;;,
   9;16;0.944363,0.000000,-0.328906,0.000000,0.000000,1.000000,0.000000,0.000000,0.328906,0.000000,0.944363,0.000000,-26.000000,0.000000,0.000000,1.000000;;,
   10;16;0.920176,0.000000,-0.391505,0.000000,0.000000,1.000000,0.000000,0.000000,0.391505,0.000000,0.920176,0.000000,-26.000000,0.000000,0.000000,1.000000;;,
   11;16;0.890281,0.000000,-0.455412,0.000000,0.000000,1.000000,0.000000,0.000000,0.455412,0.000000,0.890281,0.000000,-26.000000,0.000000,0.000000,1.000000;;,
   12;16;0.854524,0.000000,-0.519412,0.000000,0.000000,1.000000,0.000000,0.000000,0.519412,0.000000,0.854524,0.000000,-26.000000,0.000000,0.000000,1.000000;;,
   13;16;0.812972,0.000000,-0.582303,0.000000,0.000000,1.000000,0.000000,0.000000,0.582303,0.000000,0.812972,0.000000,-26.000000,0.000000,0.000000,1.000000;;,
   14;16;0.765914,0.000000,-0.642942,0.000000,0.000000,1.000000,0.000000,0.000000,0.642942,0.000000,0.765914,0.000000,-26.000000,0.000000,0.000000,1.000000;;,
   15;16;0.713862,0.000000,-0.700287,0.000000,0.000000,1.000000,0.000000,0.000000,0.700287,0.000000,0.713862,0.000000,-26.000000,0.000000,0.000000,1.000000;;,
   16;16;0.657528,0.000000,-0.753431,0.000000,0.000000,1.000000,0.000000,0.000000,0.753431,0.000000,0.657528,0.000000,-26.000000,0.000000,0.000000,1.000000;;,
   17;16;0.597803,0.000000,-0.801643,0.000000,0.000000,1.000000,0.000000,0.000000,0.801643,0.000000,0.597803,0.000000,-26.000000,0.000000,0.000000,1.000000;;,
   18;16;0.535721,0.000000,-0.844395,0.000000,0.000000,1.000000,0.000000,0.000000,0.844395,0.000000,0.535721,0.000000,-26.000000,0.000000,0.000000,1.000000;;,
   19;16;0.472419,0.000000,-0.881374,0.000000,0.000000,1.000000,0.000000,0.000000,0.881374,0.000000,0.472419,0.000000,-26.000000,0.000000,0.000000,1.000000;;,
   20;16;0.409097,0.000000,-0.912491,0.000000,0.000000,1.000000,0.000000,0.000000,0.912491,0.000000,0.409097,0.000000,-26.000000,0.000000,0.000000,1.000000;;,
   21;16;0.346975,0.000000,-0.937874,0.000000,0.000000,1.000000,0.000000,0.000000,0.937874,0.000000,0.346975,0.000000,-26.000000,0.000000,0.000000,1.000000;;,
   22;16;0.287256,0.000000,-0.957854,0.000000,0.000000,1.000000,0.000000,0.000000,0.957854,0.000000,0.287256,0.000000,-26.000000,0.000000,0.000000,1.000000;;,
   23;16;0.231096,0.000000,-0.972931,0.000000,0.000000,1.000000,0.000000,0.000000,0.972931,0.000000,0.231096,0.000000,-26.000000,0.000000,0.000000,1.000000;;,
   24;16;0.179585,0.000000,-0.983742,0.000000,0.000000,1.000000,0.000000,0.000000,0.983742,0.000000,0.179585,0.000000,-26.000000,0.000000,0.000000,1.000000;;,
   25;16;0.133730,0.000000,-0.991018,0.000000,0.000000,1.000000,0.000000,0.000000,0.991018,0.000000,0.133730,0.000000,-26.000000,0.000000,0.000000,1.000000;;,
   26;16;0.094454,0.000000,-0.995529,0.000000,0.000000,1.000000,0.000000,0.000000,0.995529,0.000000,0.094454,0.000000,-26.000000,0.000000,0.000000,1.000000;;,
   27;16;0.062602,0.000000,-0.998038,0.000000,0.000000,1.000000,0.000000,0.000000,0.998038,0.000000,0.062602,0.000000,-26.000000,0.000000,0.000000,1.000000;;,
   28;16;0.038957,0.000000,-0.999241,0.000000,0.000000,1.000000,0.000000,0.000000,0.999241,0.000000,0.038957,0.000000,-26.000000,0.000000,0.000000,1.000000;;,
   29;16;0.024253,0.000000,-0.999706,0.000000,0.000000,1.000000,0.000000,0.000000,0.999706,0.000000,0.024253,0.000000,-26.000000,0.000000,0.000000,1.000000;;,
   30;16;0.019197,0.000000,-0.999816,0.000000,0.000000,1.000000,0.000000,0.000000,0.999816,0.000000,0.019197,0.000000,-26.000000,0.000000,0.000000,1.000000;;;
  }
 }

 Animation Anim-default01 {
  
  { default01 }

  AnimationKey {
   4;
   31;
   0;16;1.000000,0.000000,0.000000,0.000000,0.000000,1.000000,0.000000,0.000000,0.000000,0.000000,1.000000,0.000000,26.000000,0.000000,0.000000,1.000000;;,
   1;16;0.999987,0.000000,0.005194,0.000000,0.000000,1.000000,0.000000,0.000000,-0.005194,0.000000,0.999987,0.000000,26.000000,0.000000,0.000000,1.000000;;,
   2;16;0.999794,0.000000,0.020301,0.000000,0.000000,1.000000,0.000000,0.000000,-0.020301,0.000000,0.999794,0.000000,26.000000,0.000000,0.000000,1.000000;;,
   3;16;0.999005,0.000000,0.044603,0.000000,0.000000,1.000000,0.000000,0.000000,-0.044603,0.000000,0.999005,0.000000,26.000000,0.000000,0.000000,1.000000;;,
   4;16;0.997004,0.000000,0.077354,0.000000,0.000000,1.000000,0.000000,0.000000,-0.077354,0.000000,0.997004,0.000000,26.000000,0.000000,0.000000,1.000000;;,
   5;16;0.993042,0.000000,0.117762,0.000000,0.000000,1.000000,0.000000,0.000000,-0.117762,0.000000,0.993042,0.000000,26.000000,0.000000,0.000000,1.000000;;,
   6;16;0.986299,0.000000,0.164965,0.000000,0.000000,1.000000,0.000000,0.000000,-0.164965,0.000000,0.986299,0.000000,26.000000,0.000000,0.000000,1.000000;;,
   7;16;0.975945,0.000000,0.218018,0.000000,0.000000,1.000000,0.000000,0.000000,-0.218018,0.000000,0.975945,0.000000,26.000000,0.000000,0.000000,1.000000;;,
   8;16;0.961191,0.000000,0.275884,0.000000,0.000000,1.000000,0.000000,0.000000,-0.275884,0.000000,0.961191,0.000000,26.000000,0.000000,0.000000,1.000000;;,
   9;16;0.941348,0.000000,0.337437,0.000000,0.000000,1.000000,0.000000,0.000000,-0.337437,0.000000,0.941348,0.000000,26.000000,0.000000,0.000000,1.000000;;,
   10;16;0.915870,0.000000,0.401474,0.000000,0.000000,1.000000,0.000000,0.000000,-0.401474,0.000000,0.915870,0.000000,26.000000,0.000000,0.000000,1.000000;;,
   11;16;0.884395,0.000000,0.466739,0.000000,0.000000,1.000000,0.000000,0.000000,-0.466739,0.000000,0.884395,0.000000,26.000000,0.000000,0.000000,1.000000;;,
   12;16;0.846773,0.000000,0.531954,0.000000,0.000000,1.000000,0.000000,0.000000,-0.531954,0.000000,0.846773,0.000000,26.000000,0.000000,0.000000,1.000000;;,
   13;16;0.803087,0.000000,0.595862,0.000000,0.000000,1.000000,0.000000,0.000000,-0.595862,0.000000,0.803087,0.000000,26.000000,0.000000,0.000000,1.000000;;,
   14;16;0.753658,0.000000,0.657267,0.000000,0.000000,1.000000,0.000000,0.000000,-0.657267,0.000000,0.753658,0.000000,26.000000,0.000000,0.000000,1.000000;;,
   15;16;0.699040,0.000000,0.715083,0.000000,0.000000,1.000000,0.000000,0.000000,-0.715083,0.000000,0.699040,0.000000,26.000000,0.000000,0.000000,1.000000;;,
   16;16;0.639999,0.000000,0.768376,0.000000,0.000000,1.000000,0.000000,0.000000,-0.768376,0.000000,0.639999,0.000000,26.000000,0.000000,0.000000,1.000000;;,
   17;16;0.577489,0.000000,0.816399,0.000000,0.000000,1.000000,0.000000,0.000000,-0.816399,0.000000,0.577489,0.000000,26.000000,0.000000,0.000000,1.000000;;,
   18;16;0.512606,0.000000,0.858624,0.000000,0.000000,1.000000,0.000000,0.000000,-0.858624,0.000000,0.512606,0.000000,26.000000,0.000000,0.000000,1.000000;;,
   19;16;0.446554,0.000000,0.894756,0.000000,0.000000,1.000000,0.000000,0.000000,-0.894756,0.000000,0.446554,0.000000,26.000000,0.000000,0.000000,1.000000;;,
   20;16;0.380592,0.000000,0.924743,0.000000,0.000000,1.000000,0.000000,0.000000,-0.924743,0.000000,0.380592,0.000000,26.000000,0.000000,0.000000,1.000000;;,
   21;16;0.315993,0.000000,0.948761,0.000000,0.000000,1.000000,0.000000,0.000000,-0.948761,0.000000,0.315993,0.000000,26.000000,0.000000,0.000000,1.000000;;,
   22;16;0.254006,0.000000,0.967203,0.000000,0.000000,1.000000,0.000000,0.000000,-0.967203,0.000000,0.254006,0.000000,26.000000,0.000000,0.000000,1.000000;;,
   23;16;0.195820,0.000000,0.980640,0.000000,0.000000,1.000000,0.000000,0.000000,-0.980640,0.000000,0.195820,0.000000,26.000000,0.000000,0.000000,1.000000;;,
   24;16;0.142546,0.000000,0.989788,0.000000,0.000000,1.000000,0.000000,0.000000,-0.989788,0.000000,0.142546,0.000000,26.000000,0.000000,0.000000,1.000000;;,
   25;16;0.095202,0.000000,0.995458,0.000000,0.000000,1.000000,0.000000,0.000000,-0.995458,0.000000,0.095202,0.000000,26.000000,0.000000,0.000000,1.000000;;,
   26;16;0.054715,0.000000,0.998502,0.000000,0.000000,1.000000,0.000000,0.000000,-0.998502,0.000000,0.054715,0.000000,26.000000,0.000000,0.000000,1.000000;;,
   27;16;0.021927,0.000000,0.999759,0.000000,0.000000,1.000000,0.000000,0.000000,-0.999759,0.000000,0.021927,0.000000,26.000000,0.000000,0.000000,1.000000;;,
   28;16;-0.002387,0.000000,0.999997,0.000000,0.000000,1.000000,0.000000,0.000000,-0.999997,0.000000,-0.002387,0.000000,26.000000,0.000000,0.000000,1.000000;;,
   29;16;-0.017495,0.000000,0.999847,0.000000,0.000000,1.000000,0.000000,0.000000,-0.999847,0.000000,-0.017495,0.000000,26.000000,0.000000,0.000000,1.000000;;,
   30;16;-0.022687,0.000000,0.999743,0.000000,0.000000,1.000000,0.000000,0.000000,-0.999743,0.000000,-0.022687,0.000000,26.000000,0.000000,0.000000,1.000000;;;
  }
 }
}